622 0 APW19980601.0788 0
622 0 APW19980602.0783 0
622 0 APW19980604.1134 0
622 0 APW19980605.1081 0
622 0 APW19980608.1004 0
622 0 APW19980608.1034 0
622 0 APW19980609.0889 0
622 0 APW19980610.0545 0
622 0 APW19980610.0968 0
622 0 APW19980611.1005 0
622 0 APW19980611.1527 0
622 0 APW19980611.1540 0
622 0 APW19980612.1355 0
622 0 APW19980619.0430 0
622 0 APW19980620.0102 0
622 0 APW19980623.1210 2
622 0 APW19980626.0885 0
622 0 APW19980629.0730 0
622 0 APW19980701.0767 0
622 0 APW19980703.0778 0
622 0 APW19980706.0104 2
622 0 APW19980713.0718 0
622 0 APW19980717.1369 0
622 0 APW19980723.0769 0
622 0 APW19980723.1033 2
622 0 APW19980729.0878 0
622 0 APW19980729.1060 0
622 0 APW19980804.0338 2
622 0 APW19980817.0664 0
622 0 APW19980819.0665 0
622 0 APW19980824.0700 0
622 0 APW19980826.0738 0
622 0 APW19980831.0760 0
622 0 APW19980831.1371 0
622 0 APW19980918.0848 0
622 0 APW19980921.0114 0
622 0 APW19980923.0836 0
622 0 APW19981001.0820 0
622 0 APW19981002.0764 0
622 0 APW19981006.0751 0
622 0 APW19981008.0070 0
622 0 APW19981008.0087 0
622 0 APW19981013.0812 0
622 0 APW19981014.0653 2
622 0 APW19981022.0155 2
622 0 APW19981022.0510 0
622 0 APW19981025.0156 0
622 0 APW19981027.0832 0
622 0 APW19981103.0812 0
622 0 APW19981111.0829 0
622 0 APW19981120.0879 0
622 0 APW19981127.0859 0
622 0 APW19981201.0066 0
622 0 APW19981204.0780 0
622 0 APW19981209.0907 1
622 0 APW19981209.1106 0
622 0 APW19981210.0973 0
622 0 APW19981217.0146 0
622 0 APW19981217.0160 0
622 0 APW19981217.1029 0
622 0 APW19981218.0923 0
622 0 APW19981221.0698 0
622 0 APW19981222.0766 0
622 0 APW19981224.0474 0
622 0 APW19981230.0670 0
622 0 APW19981231.0579 0
622 0 APW19990103.0087 0
622 0 APW19990106.0115 1
622 0 APW19990106.0141 1
622 0 APW19990111.0218 1
622 0 APW19990111.0260 1
622 0 APW19990114.0258 0
622 0 APW19990119.0087 2
622 0 APW19990120.0036 2
622 0 APW19990120.0205 2
622 0 APW19990125.0166 0
622 0 APW19990125.0205 0
622 0 APW19990129.0057 2
622 0 APW19990205.0059 0
622 0 APW19990211.0249 0
622 0 APW19990211.0307 0
622 0 APW19990217.0280 0
622 0 APW19990218.0349 0
622 0 APW19990224.0006 0
622 0 APW19990302.0003 2
622 0 APW19990302.0029 2
622 0 APW19990315.0262 0
622 0 APW19990318.0316 0
622 0 APW19990329.0253 0
622 0 APW19990330.0254 2
622 0 APW19990416.0088 0
622 0 APW19990427.0066 2
622 0 APW19990502.0080 0
622 0 APW19990504.0040 0
622 0 APW19990504.0055 2
622 0 APW19990504.0236 2
622 0 APW19990520.0038 2
622 0 APW19990520.0236 2
622 0 APW19990520.0250 2
622 0 APW19990520.0285 2
622 0 APW19990520.0305 2
622 0 APW19990520.0336 2
622 0 APW19990525.0072 2
622 0 APW19990525.0128 2
622 0 APW19990526.0191 2
622 0 APW19990604.0119 2
622 0 APW19990615.0128 2
622 0 APW19990615.0235 2
622 0 APW19990615.0299 2
622 0 APW19990617.0093 0
622 0 APW19990624.0241 0
622 0 APW19990630.0185 0
622 0 APW19990702.0086 0
622 0 APW19990707.0063 0
622 0 APW19990709.0053 2
622 0 APW19990709.0120 2
622 0 APW19990709.0167 2
622 0 APW19990709.0232 2
622 0 APW19990709.0269 2
622 0 APW19990709.0279 2
622 0 APW19990713.0137 2
622 0 APW19990714.0261 2
622 0 APW19990727.0289 0
622 0 APW19990728.0167 0
622 0 APW19990801.0100 0
622 0 APW19990805.0085 0
622 0 APW19990811.0203 2
622 0 APW19990817.0125 0
622 0 APW19990819.0111 2
622 0 APW19990819.0159 2
622 0 APW19990901.0090 2
622 0 APW19990902.0044 2
622 0 APW19990906.0041 0
622 0 APW19990907.0166 2
622 0 APW19990909.0058 0
622 0 APW19990909.0147 2
622 0 APW19990914.0001 2
622 0 APW19990916.0249 0
622 0 APW19990916.0250 0
622 0 APW19990921.0195 2
622 0 APW19990922.0076 0
622 0 APW19990922.0171 0
622 0 APW19990922.0252 0
622 0 APW19990924.0005 2
622 0 APW19990930.0064 2
622 0 APW19990930.0333 2
622 0 APW19991005.0175 2
622 0 APW19991006.0002 2
622 0 APW19991007.0265 0
622 0 APW19991013.0006 0
622 0 APW19991019.0228 0
622 0 APW19991022.0257 0
622 0 APW19991022.0259 0
622 0 APW19991027.0282 2
622 0 APW19991029.0040 0
622 0 APW19991029.0054 0
622 0 APW20000113.0197 2
622 0 APW20000119.0264 2
622 0 APW20000119.0311 2
622 0 APW20000129.0053 0
622 0 APW20000208.0151 2
622 0 APW20000208.0186 2
622 0 APW20000217.0070 2
622 0 APW20000217.0161 0
622 0 APW20000218.0005 0
622 0 APW20000218.0014 0
622 0 APW20000218.0105 0
622 0 APW20000218.0108 0
622 0 APW20000218.0128 0
622 0 APW20000302.0079 0
622 0 APW20000303.0316 0
622 0 APW20000306.0085 2
622 0 APW20000306.0217 2
622 0 APW20000322.0188 0
622 0 APW20000323.0050 1
622 0 APW20000403.0073 2
622 0 APW20000505.0234 2
622 0 APW20000511.0217 0
622 0 APW20000511.0232 0
622 0 APW20000512.0121 0
622 0 APW20000615.0065 0
622 0 APW20000618.0041 0
622 0 APW20000621.0163 0
622 0 APW20000621.0205 0
622 0 APW20000714.0163 0
622 0 APW20000816.0165 0
622 0 APW20000919.0172 2
622 0 APW20000919.0278 2
622 0 NYT19980603.0426 0
622 0 NYT19980610.0072 0
622 0 NYT19980610.0190 0
622 0 NYT19980610.0191 0
622 0 NYT19980611.0105 0
622 0 NYT19980611.0106 0
622 0 NYT19980615.0077 0
622 0 NYT19980615.0078 0
622 0 NYT19980620.0191 0
622 0 NYT19980622.0532 0
622 0 NYT19980624.0112 0
622 0 NYT19980629.0392 0
622 0 NYT19980708.0486 1
622 0 NYT19980709.0461 2
622 0 NYT19980714.0114 2
622 0 NYT19980714.0119 2
622 0 NYT19980714.0257 0
622 0 NYT19980714.0262 2
622 0 NYT19980714.0263 2
622 0 NYT19980714.0342 2
622 0 NYT19980714.0390 0
622 0 NYT19980715.0027 1
622 0 NYT19980715.0474 2
622 0 NYT19980716.0452 2
622 0 NYT19980716.0484 0
622 0 NYT19980722.0037 0
622 0 NYT19980725.0108 0
622 0 NYT19980803.0331 2
622 0 NYT19980803.0333 2
622 0 NYT19980803.0415 2
622 0 NYT19980805.0416 2
622 0 NYT19980806.0224 0
622 0 NYT19980807.0253 2
622 0 NYT19980811.0006 0
622 0 NYT19980812.0119 0
622 0 NYT19980812.0436 2
622 0 NYT19980818.0289 2
622 0 NYT19980818.0396 0
622 0 NYT19980819.0080 0
622 0 NYT19980820.0537 0
622 0 NYT19980824.0189 0
622 0 NYT19980824.0251 0
622 0 NYT19980826.0130 0
622 0 NYT19980827.0552 0
622 0 NYT19980828.0356 0
622 0 NYT19980831.0016 0
622 0 NYT19980902.0284 0
622 0 NYT19980915.0132 0
622 0 NYT19980916.0211 0
622 0 NYT19980917.0387 2
622 0 NYT19980918.0003 2
622 0 NYT19980918.0470 0
622 0 NYT19980922.0354 0
622 0 NYT19981014.0162 0
622 0 NYT19981016.0217 0
622 0 NYT19981016.0244 0
622 0 NYT19981021.0435 0
622 0 NYT19981027.0188 0
622 0 NYT19981107.0259 0
622 0 NYT19981107.0278 0
622 0 NYT19981110.0367 0
622 0 NYT19981112.0417 0
622 0 NYT19981117.0391 0
622 0 NYT19981120.0316 0
622 0 NYT19981126.0125 0
622 0 NYT19981126.0140 2
622 0 NYT19981201.0300 0
622 0 NYT19981201.0438 2
622 0 NYT19981204.0430 2
622 0 NYT19981204.0434 2
622 0 NYT19981208.0184 0
622 0 NYT19981221.0141 0
622 0 NYT19981221.0147 0
622 0 NYT19981221.0408 2
622 0 NYT19981226.0060 0
622 0 NYT19990104.0182 0
622 0 NYT19990105.0061 0
622 0 NYT19990106.0060 0
622 0 NYT19990106.0373 0
622 0 NYT19990112.0222 0
622 0 NYT19990112.0307 2
622 0 NYT19990112.0434 2
622 0 NYT19990113.0113 0
622 0 NYT19990118.0412 2
622 0 NYT19990120.0299 0
622 0 NYT19990122.0512 1
622 0 NYT19990125.0453 2
622 0 NYT19990126.0412 0
622 0 NYT19990128.0328 0
622 0 NYT19990203.0093 0
622 0 NYT19990203.0094 0
622 0 NYT19990208.0225 0
622 0 NYT19990209.0357 0
622 0 NYT19990211.0130 0
622 0 NYT19990217.0104 0
622 0 NYT19990217.0231 0
622 0 NYT19990217.0233 0
622 0 NYT19990218.0399 2
622 0 NYT19990223.0415 0
622 0 NYT19990224.0092 0
622 0 NYT19990225.0424 2
622 0 NYT19990226.0071 2
622 0 NYT19990312.0444 0
622 0 NYT19990313.0209 0
622 0 NYT19990320.0210 0
622 0 NYT19990321.0140 0
622 0 NYT19990322.0328 0
622 0 NYT19990323.0239 0
622 0 NYT19990326.0277 0
622 0 NYT19990326.0279 0
622 0 NYT19990326.0471 2
622 0 NYT19990329.0416 0
622 0 NYT19990406.0173 0
622 0 NYT19990408.0354 0
622 0 NYT19990415.0008 2
622 0 NYT19990415.0153 0
622 0 NYT19990415.0394 0
622 0 NYT19990421.0088 0
622 0 NYT19990422.0342 0
622 0 NYT19990430.0365 2
622 0 NYT19990504.0463 0
622 0 NYT19990511.0224 2
622 0 NYT19990511.0397 2
622 0 NYT19990513.0486 1
622 0 NYT19990514.0149 0
622 0 NYT19990518.0326 0
622 0 NYT19990518.0352 0
622 0 NYT19990519.0313 0
622 0 NYT19990519.0383 2
622 0 NYT19990519.0418 2
622 0 NYT19990519.0427 2
622 0 NYT19990520.0054 0
622 0 NYT19990520.0391 2
622 0 NYT19990520.0455 0
622 0 NYT19990520.0456 0
622 0 NYT19990520.0457 0
622 0 NYT19990520.0507 2
622 0 NYT19990521.0002 2
622 0 NYT19990521.0040 2
622 0 NYT19990521.0236 2
622 0 NYT19990607.0125 0
622 0 NYT19990607.0135 0
622 0 NYT19990608.0299 0
622 0 NYT19990609.0120 0
622 0 NYT19990609.0405 2
622 0 NYT19990615.0210 0
622 0 NYT19990616.0459 2
622 0 NYT19990616.0497 2
622 0 NYT19990616.0555 2
622 0 NYT19990622.0213 0
622 0 NYT19990622.0216 0
622 0 NYT19990625.0346 0
622 0 NYT19990630.0103 0
622 0 NYT19990706.0284 0
622 0 NYT19990707.0297 0
622 0 NYT19990709.0103 0
622 0 NYT19990709.0254 2
622 0 NYT19990709.0330 2
622 0 NYT19990710.0027 0
622 0 NYT19990712.0349 1
622 0 NYT19990714.0514 0
622 0 NYT19990714.0532 0
622 0 NYT19990715.0415 0
622 0 NYT19990723.0080 0
622 0 NYT19990726.0410 0
622 0 NYT19990730.0315 0
622 0 NYT19990730.0385 0
622 0 NYT19990731.0008 0
622 0 NYT19990731.0009 0
622 0 NYT19990806.0039 2
622 0 NYT19990809.0413 0
622 0 NYT19990816.0107 0
622 0 NYT19990825.0028 0
622 0 NYT19990827.0227 0
622 0 NYT19990902.0249 0
622 0 NYT19990902.0250 0
622 0 NYT19990902.0338 0
622 0 NYT19990903.0297 0
622 0 NYT19990907.0389 2
622 0 NYT19990907.0414 0
622 0 NYT19990909.0409 2
622 0 NYT19990910.0039 2
622 0 NYT19990910.0368 0
622 0 NYT19990911.0166 0
622 0 NYT19990912.0165 0
622 0 NYT19990914.0292 0
622 0 NYT19990921.0148 0
622 0 NYT19990921.0149 0
622 0 NYT19990921.0150 0
622 0 NYT19990922.0479 0
622 0 NYT19990923.0034 0
622 0 NYT19991001.0309 0
622 0 NYT19991002.0090 0
622 0 NYT19991003.0821 0
622 0 NYT19991003.1082 0
622 0 NYT19991003.1136 0
622 0 NYT19991008.0331 2
622 0 NYT19991015.0073 0
622 0 NYT19991019.0291 0
622 0 NYT19991022.0308 0
622 0 NYT19991028.0454 0
622 0 NYT19991029.0294 0
622 0 NYT19991030.0213 0
622 0 NYT19991103.0332 0
622 0 NYT19991103.0424 2
622 0 NYT19991105.0242 0
622 0 NYT19991105.0245 0
622 0 NYT19991110.0091 0
622 0 NYT19991117.0197 0
622 0 NYT19991117.0384 0
622 0 NYT19991118.0408 0
622 0 NYT19991122.0178 0
622 0 NYT19991129.0148 0
622 0 NYT19991209.0071 0
622 0 NYT19991209.0078 0
622 0 NYT19991209.0241 0
622 0 NYT19991214.0363 0
622 0 NYT19991219.0098 2
622 0 NYT19991219.0100 0
622 0 NYT19991230.0313 0
622 0 NYT20000114.0012 0
622 0 NYT20000124.0429 0
622 0 NYT20000127.0348 0
622 0 NYT20000206.0151 0
622 0 NYT20000208.0344 0
622 0 NYT20000219.0234 0
622 0 NYT20000220.0085 2
622 0 NYT20000301.0497 0
622 0 NYT20000302.0387 0
622 0 NYT20000306.0409 2
622 0 NYT20000307.0347 0
622 0 NYT20000324.0364 0
622 0 NYT20000325.0153 0
622 0 NYT20000330.0298 1
622 0 NYT20000401.0204 0
622 0 NYT20000403.0598 0
622 0 NYT20000406.0105 0
622 0 NYT20000408.0076 0
622 0 NYT20000412.0134 0
622 0 NYT20000412.0435 2
622 0 NYT20000414.0116 0
622 0 NYT20000422.0121 0
622 0 NYT20000505.0057 1
622 0 NYT20000505.0058 1
622 0 NYT20000505.0357 0
622 0 NYT20000505.0397 2
622 0 NYT20000506.0024 0
622 0 NYT20000507.0072 0
622 0 NYT20000508.0176 1
622 0 NYT20000508.0177 1
622 0 NYT20000510.0260 2
622 0 NYT20000511.0085 0
622 0 NYT20000530.0252 2
622 0 NYT20000602.0005 2
622 0 NYT20000604.0176 0
622 0 NYT20000604.0177 0
622 0 NYT20000617.0031 0
622 0 NYT20000619.0398 0
622 0 NYT20000620.0354 1
622 0 NYT20000620.0375 0
622 0 NYT20000622.0399 0
622 0 NYT20000624.0069 0
622 0 NYT20000624.0102 0
622 0 NYT20000710.0484 0
622 0 NYT20000712.0361 1
622 0 NYT20000717.0400 0
622 0 NYT20000719.0293 0
622 0 NYT20000721.0208 2
622 0 NYT20000728.0150 0
622 0 NYT20000731.0052 0
622 0 NYT20000802.0137 0
622 0 NYT20000822.0019 0
622 0 NYT20000825.0331 0
622 0 NYT20000920.0337 0
622 0 NYT20000921.0338 0
622 0 NYT20000924.0108 0
622 0 XIE19960105.0135 0
622 0 XIE19960120.0200 0
622 0 XIE19960201.0154 0
622 0 XIE19960221.0009 0
622 0 XIE19960221.0055 0
622 0 XIE19960322.0186 0
622 0 XIE19960401.0118 0
622 0 XIE19960403.0240 0
622 0 XIE19960405.0152 0
622 0 XIE19960406.0134 0
622 0 XIE19960423.0212 0
622 0 XIE19960424.0008 0
622 0 XIE19960515.0092 0
622 0 XIE19960521.0283 0
622 0 XIE19960522.0258 0
622 0 XIE19960525.0143 0
622 0 XIE19960528.0219 0
622 0 XIE19960601.0091 0
622 0 XIE19960610.0003 0
622 0 XIE19960619.0326 0
622 0 XIE19960624.0107 0
622 0 XIE19960713.0108 0
622 0 XIE19960713.0141 0
622 0 XIE19960714.0114 1
622 0 XIE19960718.0214 0
622 0 XIE19960808.0197 0
622 0 XIE19960821.0155 0
622 0 XIE19960828.0090 1
622 0 XIE19960828.0294 2
622 0 XIE19960829.0061 0
622 0 XIE19960902.0041 0
622 0 XIE19960929.0161 0
622 0 XIE19961002.0084 0
622 0 XIE19961004.0037 0
622 0 XIE19961011.0075 0
622 0 XIE19961019.0175 0
622 0 XIE19961023.0193 0
622 0 XIE19961024.0127 0
622 0 XIE19961025.0266 0
622 0 XIE19961031.0012 0
622 0 XIE19961201.0166 0
622 0 XIE19961203.0173 0
622 0 XIE19961230.0170 0
622 0 XIE19961230.0197 0
622 0 XIE19970102.0053 0
622 0 XIE19970116.0037 0
622 0 XIE19970118.0220 0
622 0 XIE19970120.0202 0
622 0 XIE19970130.0224 0
622 0 XIE19970203.0059 0
622 0 XIE19970218.0210 2
622 0 XIE19970225.0142 0
622 0 XIE19970306.0104 0
622 0 XIE19970309.0047 0
622 0 XIE19970320.0194 0
622 0 XIE19970408.0070 0
622 0 XIE19970410.0042 0
622 0 XIE19970415.0024 0
622 0 XIE19970420.0153 0
622 0 XIE19970501.0007 0
622 0 XIE19970502.0097 0
622 0 XIE19970530.0240 0
622 0 XIE19970531.0005 0
622 0 XIE19970603.0149 0
622 0 XIE19970609.0151 0
622 0 XIE19970611.0126 0
622 0 XIE19970625.0233 0
622 0 XIE19970708.0062 0
622 0 XIE19970722.0214 0
622 0 XIE19970726.0112 0
622 0 XIE19970730.0206 0
622 0 XIE19970806.0023 0
622 0 XIE19970819.0183 0
622 0 XIE19970822.0037 0
622 0 XIE19970829.0309 0
622 0 XIE19970919.0290 0
622 0 XIE19970926.0219 0
622 0 XIE19971018.0183 0
622 0 XIE19971029.0291 0
622 0 XIE19971029.0300 0
622 0 XIE19971101.0045 0
622 0 XIE19971115.0043 0
622 0 XIE19971116.0137 0
622 0 XIE19971116.0138 0
622 0 XIE19971116.0139 0
622 0 XIE19971116.0140 0
622 0 XIE19971116.0141 0
622 0 XIE19971127.0066 0
622 0 XIE19971128.0271 0
622 0 XIE19971203.0251 0
622 0 XIE19971205.0266 0
622 0 XIE19971205.0269 0
622 0 XIE19971205.0270 0
622 0 XIE19971205.0271 0
622 0 XIE19971209.0013 0
622 0 XIE19971214.0035 0
622 0 XIE19971218.0297 0
622 0 XIE19971220.0104 0
622 0 XIE19971229.0135 0
622 0 XIE19971230.0228 0
622 0 XIE19980104.0140 0
622 0 XIE19980107.0114 0
622 0 XIE19980110.0156 0
622 0 XIE19980110.0158 0
622 0 XIE19980110.0160 0
622 0 XIE19980110.0161 0
622 0 XIE19980113.0275 0
622 0 XIE19980114.0244 0
622 0 XIE19980205.0213 0
622 0 XIE19980218.0103 0
622 0 XIE19980221.0003 0
622 0 XIE19980224.0270 0
622 0 XIE19980227.0244 0
622 0 XIE19980307.0161 0
622 0 XIE19980310.0130 0
622 0 XIE19980318.0067 0
622 0 XIE19980325.0328 0
622 0 XIE19980408.0058 0
622 0 XIE19980410.0212 0
622 0 XIE19980415.0111 0
622 0 XIE19980416.0073 0
622 0 XIE19980422.0303 0
622 0 XIE19980523.0173 0
622 0 XIE19980527.0285 0
622 0 XIE19980616.0081 0
622 0 XIE19980618.0247 0
622 0 XIE19980620.0087 0
622 0 XIE19980620.0207 0
622 0 XIE19980623.0340 0
622 0 XIE19980625.0033 0
622 0 XIE19980626.0205 0
622 0 XIE19980709.0116 0
622 0 XIE19980716.0125 0
622 0 XIE19980717.0278 0
622 0 XIE19980722.0299 0
622 0 XIE19980723.0377 0
622 0 XIE19980806.0124 0
622 0 XIE19980809.0075 0
622 0 XIE19980814.0204 0
622 0 XIE19980901.0198 0
622 0 XIE19980911.0153 0
622 0 XIE19980916.0079 0
622 0 XIE19980918.0272 0
622 0 XIE19980920.0142 0
622 0 XIE19981016.0228 0
622 0 XIE19981023.0226 0
622 0 XIE19981029.0221 0
622 0 XIE19981102.0197 0
622 0 XIE19981108.0147 0
622 0 XIE19981201.0316 0
622 0 XIE19981209.0323 0
622 0 XIE19981221.0146 0
622 0 XIE19981223.0110 0
622 0 XIE19981229.0144 0
622 0 XIE19990109.0236 0
622 0 XIE19990109.0239 0
622 0 XIE19990115.0004 0
622 0 XIE19990115.0223 0
622 0 XIE19990206.0192 0
622 0 XIE19990219.0185 0
622 0 XIE19990219.0186 0
622 0 XIE19990219.0259 0
622 0 XIE19990318.0237 0
622 0 XIE19990322.0197 0
622 0 XIE19990331.0296 0
622 0 XIE19990407.0105 0
622 0 XIE19990423.0192 0
622 0 XIE19990430.0214 0
622 0 XIE19990509.0239 0
622 0 XIE19990518.0138 0
622 0 XIE19990521.0203 2
622 0 XIE19990528.0036 0
622 0 XIE19990615.0058 0
622 0 XIE19990615.0187 0
622 0 XIE19990708.0155 0
622 0 XIE19990713.0311 0
622 0 XIE19990715.0250 0
622 0 XIE19990722.0099 0
622 0 XIE19990802.0197 0
622 0 XIE19990807.0046 0
622 0 XIE19990908.0017 2
622 0 XIE19990909.0091 0
622 0 XIE19990922.0272 0
622 0 XIE19990923.0288 2
622 0 XIE19990927.0134 0
622 0 XIE19990927.0324 0
622 0 XIE19991001.0102 0
622 0 XIE19991005.0032 0
622 0 XIE19991006.0310 0
622 0 XIE19991021.0234 0
622 0 XIE19991021.0309 0
622 0 XIE19991026.0287 0
622 0 XIE19991028.0121 0
622 0 XIE19991115.0150 0
622 0 XIE20000113.0313 0
622 0 XIE20000118.0247 0
622 0 XIE20000201.0076 0
622 0 XIE20000208.0009 2
622 0 XIE20000218.0196 0
622 0 XIE20000323.0297 1
622 0 XIE20000406.0289 0
622 0 XIE20000407.0290 0
622 0 XIE20000428.0009 0
622 0 XIE20000501.0200 0
622 0 XIE20000503.0195 1
622 0 XIE20000503.0288 0
622 0 XIE20000609.0196 0
622 0 XIE20000706.0074 0
622 0 XIE20000707.0200 0
622 0 XIE20000718.0311 0
622 0 XIE20000720.0269 0
622 0 XIE20000721.0059 0
622 0 XIE20000721.0126 0
622 0 XIE20000725.0268 0
622 0 XIE20000725.0362 0
622 0 XIE20000726.0218 0
622 0 XIE20000728.0290 0
622 0 XIE20000805.0172 0
622 0 XIE20000807.0115 0
622 0 XIE20000808.0133 0
622 0 XIE20000808.0290 0
622 0 XIE20000812.0097 0
622 0 XIE20000817.0212 0
622 0 XIE20000823.0084 0
622 0 XIE20000901.0271 0
622 0 XIE20000914.0070 0
622 0 XIE20000917.0058 0
622 0 XIE20000920.0409 0
622 0 XIE20000928.0051 0