341 0 APW19980603.1008 0
341 0 APW19980603.1306 0
341 0 APW19980604.0328 0
341 0 APW19980606.0070 0
341 0 APW19980608.1363 0
341 0 APW19980610.1276 0
341 0 APW19980611.0369 0
341 0 APW19980612.1678 0
341 0 APW19980615.0546 0
341 0 APW19980616.0727 0
341 0 APW19980617.1460 0
341 0 APW19980625.1136 0
341 0 APW19980627.0065 0
341 0 APW19980630.0241 0
341 0 APW19980630.0670 0
341 0 APW19980702.0142 0
341 0 APW19980702.0241 0
341 0 APW19980705.0054 0
341 0 APW19980706.0293 0
341 0 APW19980706.0363 0
341 0 APW19980707.0011 0
341 0 APW19980707.0327 0
341 0 APW19980707.0493 0
341 0 APW19980711.0072 0
341 0 APW19980711.0083 0
341 0 APW19980711.0084 0
341 0 APW19980711.0087 0
341 0 APW19980711.0098 0
341 0 APW19980711.0106 0
341 0 APW19980711.0301 0
341 0 APW19980711.0374 0
341 0 APW19980713.0449 0
341 0 APW19980714.0377 0
341 0 APW19980722.0655 0
341 0 APW19980728.0463 0
341 0 APW19980809.0110 0
341 0 APW19980809.0191 0
341 0 APW19980809.0228 0
341 0 APW19980809.0241 0
341 0 APW19980811.0503 0
341 0 APW19980821.0583 1
341 0 APW19980821.0585 1
341 0 APW19980824.0132 1
341 0 APW19980824.0263 1
341 0 APW19980824.0472 1
341 0 APW19980824.0546 1
341 0 APW19980824.0687 1
341 0 APW19980824.0827 1
341 0 APW19980829.0035 0
341 0 APW19980904.0510 0
341 0 APW19980914.0254 0
341 0 APW19980919.0350 0
341 0 APW19981003.0675 0
341 0 APW19981014.1063 1
341 0 APW19981025.0744 0
341 0 APW19981026.0396 0
341 0 APW19981026.0736 0
341 0 APW19981029.1527 0
341 0 APW19981029.1590 0
341 0 APW19981109.1089 0
341 0 APW19981109.1172 0
341 0 APW19981113.0500 0
341 0 APW19981113.0729 0
341 0 APW19981115.0202 0
341 0 APW19981123.0884 0
341 0 APW19981123.1029 0
341 0 APW19981123.1036 0
341 0 APW19981123.1179 0
341 0 APW19981124.0036 0
341 0 APW19981124.0039 0
341 0 APW19981124.0066 0
341 0 APW19981124.0074 0
341 0 APW19981124.0144 0
341 0 APW19981124.0162 0
341 0 APW19981124.0254 0
341 0 APW19981124.0256 0
341 0 APW19981124.0933 0
341 0 APW19981124.1120 0
341 0 APW19981124.1259 0
341 0 APW19981205.0506 0
341 0 APW19981217.1511 0
341 0 APW19981219.0464 0
341 0 APW19981222.1135 0
341 0 APW19981229.0756 0
341 0 APW19981229.0763 0
341 0 APW19981229.0873 0
341 0 APW19981229.0961 0
341 0 APW19981230.0983 0
341 0 APW19990209.0039 0
341 0 APW19990218.0288 0
341 0 APW19990303.0136 0
341 0 APW19990310.0048 0
341 0 APW19990310.0051 0
341 0 APW19990310.0157 0
341 0 APW19990311.0162 0
341 0 APW19990311.0177 0
341 0 APW19990311.0238 0
341 0 APW19990311.0331 0
341 0 APW19990312.0203 0
341 0 APW19990312.0205 0
341 0 APW19990312.0264 0
341 0 APW19990313.0052 0
341 0 APW19990313.0067 0
341 0 APW19990314.0006 0
341 0 APW19990315.0151 0
341 0 APW19990315.0290 0
341 0 APW19990317.0011 0
341 0 APW19990409.0170 0
341 0 APW19990416.0032 0
341 0 APW19990507.0002 0
341 0 APW19990510.0233 0
341 0 APW19990526.0301 0
341 0 APW19990609.0033 0
341 0 APW19990609.0213 0
341 0 APW19990708.0024 0
341 0 APW19990710.0141 0
341 0 APW19990717.0075 0
341 0 APW19990717.0077 0
341 0 APW19990723.0036 0
341 0 APW19990729.0131 0
341 0 APW19990729.0309 0
341 0 APW19990802.0003 0
341 0 APW19990803.0253 0
341 0 APW19990804.0173 0
341 0 APW19990807.0182 0
341 0 APW19990811.0369 2
341 0 APW19990826.0087 0
341 0 APW19990826.0090 0
341 0 APW19990827.0184 0
341 0 APW19990827.0186 0
341 0 APW19990827.0215 0
341 0 APW19990913.0145 0
341 0 APW19990915.0130 0
341 0 APW19991031.0038 0
341 0 APW19991031.0096 0
341 0 APW19991031.0100 0
341 0 APW19991031.0161 0
341 0 APW19991031.0162 0
341 0 APW20000101.0172 0
341 0 APW20000114.0346 0
341 0 APW20000114.0355 0
341 0 APW20000117.0045 0
341 0 APW20000118.0092 1
341 0 APW20000204.0088 0
341 0 APW20000204.0135 0
341 0 APW20000303.0239 0
341 0 APW20000313.0244 0
341 0 APW20000316.0123 0
341 0 APW20000322.0154 0
341 0 APW20000327.0223 0
341 0 APW20000328.0024 0
341 0 APW20000425.0059 0
341 0 APW20000425.0144 0
341 0 APW20000516.0148 0
341 0 APW20000517.0207 0
341 0 APW20000522.0037 0
341 0 APW20000525.0016 0
341 0 APW20000525.0107 0
341 0 APW20000630.0062 0
341 0 APW20000714.0109 0
341 0 APW20000728.0036 0
341 0 APW20000728.0129 0
341 0 APW20000820.0073 0
341 0 APW20000824.0087 0
341 0 APW20000825.0033 0
341 0 APW20000913.0279 0
341 0 APW20000927.0164 0
341 0 NYT19980602.0156 0
341 0 NYT19980602.0304 1
341 0 NYT19980602.0306 1
341 0 NYT19980609.0322 0
341 0 NYT19980609.0324 0
341 0 NYT19980611.0215 0
341 0 NYT19980616.0123 2
341 0 NYT19980629.0170 0
341 0 NYT19980701.0437 0
341 0 NYT19980701.0509 0
341 0 NYT19980705.0031 0
341 0 NYT19980705.0125 0
341 0 NYT19980705.0126 0
341 0 NYT19980706.0228 0
341 0 NYT19980708.0339 0
341 0 NYT19980721.0319 0
341 0 NYT19980724.0376 0
341 0 NYT19980724.0435 0
341 0 NYT19980821.0001 0
341 0 NYT19980821.0315 0
341 0 NYT19980821.0318 0
341 0 NYT19980822.0005 0
341 0 NYT19980902.0487 0
341 0 NYT19980902.0501 0
341 0 NYT19980904.0274 0
341 0 NYT19980906.0118 0
341 0 NYT19980921.0237 0
341 0 NYT19980921.0277 0
341 0 NYT19981010.0086 1
341 0 NYT19981011.0001 0
341 0 NYT19981015.0177 0
341 0 NYT19981019.0390 0
341 0 NYT19981019.0391 0
341 0 NYT19981019.0392 0
341 0 NYT19981019.0393 0
341 0 NYT19981025.0163 0
341 0 NYT19981114.0160 0
341 0 NYT19981118.0227 0
341 0 NYT19981123.0451 0
341 0 NYT19981124.0267 0
341 0 NYT19981125.0281 0
341 0 NYT19981201.0433 0
341 0 NYT19981201.0434 0
341 0 NYT19981203.0255 0
341 0 NYT19981203.0256 0
341 0 NYT19981204.0061 0
341 0 NYT19981204.0062 0
341 0 NYT19981206.0110 0
341 0 NYT19981206.0144 0
341 0 NYT19981221.0181 0
341 0 NYT19981221.0183 0
341 0 NYT19981230.0226 0
341 0 NYT19990109.0161 0
341 0 NYT19990110.0148 0
341 0 NYT19990111.0349 0
341 0 NYT19990113.0239 0
341 0 NYT19990113.0253 2
341 0 NYT19990113.0254 1
341 0 NYT19990116.0062 0
341 0 NYT19990116.0063 0
341 0 NYT19990116.0064 0
341 0 NYT19990116.0066 0
341 0 NYT19990118.0086 0
341 0 NYT19990118.0087 0
341 0 NYT19990205.0167 0
341 0 NYT19990205.0169 0
341 0 NYT19990208.0134 0
341 0 NYT19990215.0359 0
341 0 NYT19990216.0080 0
341 0 NYT19990224.0205 0
341 0 NYT19990301.0104 0
341 0 NYT19990301.0128 0
341 0 NYT19990302.0356 0
341 0 NYT19990310.0444 0
341 0 NYT19990313.0280 0
341 0 NYT19990314.0154 0
341 0 NYT19990317.0248 0
341 0 NYT19990317.0249 0
341 0 NYT19990317.0250 0
341 0 NYT19990317.0251 0
341 0 NYT19990401.0056 0
341 0 NYT19990405.0296 0
341 0 NYT19990407.0158 0
341 0 NYT19990413.0050 0
341 0 NYT19990427.0455 0
341 0 NYT19990528.0408 0
341 0 NYT19990602.0157 0
341 0 NYT19990608.0165 0
341 0 NYT19990608.0226 1
341 0 NYT19990618.0328 0
341 0 NYT19990621.0269 0
341 0 NYT19990624.0357 0
341 0 NYT19990626.0108 0
341 0 NYT19990724.0160 0
341 0 NYT19990727.0199 0
341 0 NYT19990728.0541 0
341 0 NYT19990728.0546 0
341 0 NYT19990729.0322 0
341 0 NYT19990803.0379 0
341 0 NYT19990803.0420 0
341 0 NYT19990806.0127 0
341 0 NYT19990816.0403 0
341 0 NYT19990816.0480 0
341 0 NYT19990818.0334 0
341 0 NYT19990825.0350 0
341 0 NYT19990825.0431 0
341 0 NYT19990825.0441 0
341 0 NYT19990908.0061 0
341 0 NYT19990909.0367 0
341 0 NYT19990910.0013 0
341 0 NYT19990910.0014 0
341 0 NYT19990916.0046 0
341 0 NYT19990927.0453 0
341 0 NYT19990927.0471 0
341 0 NYT19990929.0105 0
341 0 NYT19990930.0378 0
341 0 NYT19991007.0090 0
341 0 NYT19991010.0198 0
341 0 NYT19991012.0271 0
341 0 NYT19991030.0081 0
341 0 NYT19991030.0254 0
341 0 NYT19991031.0156 0
341 0 NYT19991101.0060 0
341 0 NYT19991102.0297 0
341 0 NYT19991105.0012 2
341 0 NYT19991116.0411 0
341 0 NYT19991127.0038 0
341 0 NYT19991127.0039 0
341 0 NYT19991129.0071 0
341 0 NYT19991129.0073 0
341 0 NYT19991212.0094 0
341 0 NYT19991218.0230 0
341 0 NYT19991218.0231 0
341 0 NYT19991221.0279 1
341 0 NYT19991221.0296 1
341 0 NYT19991221.0359 1
341 0 NYT19991222.0038 0
341 0 NYT19991222.0039 0
341 0 NYT19991223.0285 1
341 0 NYT19991224.0009 0
341 0 NYT19991224.0010 0
341 0 NYT19991224.0011 0
341 0 NYT19991224.0012 0
341 0 NYT19991224.0013 0
341 0 NYT19991225.0133 0
341 0 NYT19991228.0075 0
341 0 NYT19991228.0076 0
341 0 NYT19991228.0108 0
341 0 NYT19991230.0341 0
341 0 NYT19991231.0003 0
341 0 NYT20000106.0092 1
341 0 NYT20000106.0217 0
341 0 NYT20000110.0423 0
341 0 NYT20000111.0146 1
341 0 NYT20000112.0421 1
341 0 NYT20000117.0267 1
341 0 NYT20000207.0385 0
341 0 NYT20000227.0104 0
341 0 NYT20000227.0168 0
341 0 NYT20000307.0343 0
341 0 NYT20000309.0004 0
341 0 NYT20000316.0221 0
341 0 NYT20000328.0398 0
341 0 NYT20000419.0241 0
341 0 NYT20000424.0377 0
341 0 NYT20000507.0108 0
341 0 NYT20000508.0020 0
341 0 NYT20000508.0313 0
341 0 NYT20000517.0193 0
341 0 NYT20000605.0297 0
341 0 NYT20000620.0064 0
341 0 NYT20000621.0153 0
341 0 NYT20000712.0103 0
341 0 NYT20000715.0073 0
341 0 NYT20000715.0125 0
341 0 NYT20000718.0189 0
341 0 NYT20000728.0051 0
341 0 NYT20000728.0370 0
341 0 NYT20000728.0435 0
341 0 NYT20000728.0462 0
341 0 NYT20000812.0061 0
341 0 NYT20000814.0053 0
341 0 NYT20000814.0054 0
341 0 NYT20000901.0257 0
341 0 NYT20000901.0265 0
341 0 NYT20000920.0253 0
341 0 NYT20000928.0223 0
341 0 XIE19960108.0189 0
341 0 XIE19960123.0284 0
341 0 XIE19960125.0224 0
341 0 XIE19960212.0018 0
341 0 XIE19960216.0067 0
341 0 XIE19960301.0040 0
341 0 XIE19960304.0010 0
341 0 XIE19960313.0002 0
341 0 XIE19960313.0182 0
341 0 XIE19960321.0209 0
341 0 XIE19960322.0038 0
341 0 XIE19960323.0186 0
341 0 XIE19960327.0023 0
341 0 XIE19960402.0107 0
341 0 XIE19960421.0149 0
341 0 XIE19960426.0106 0
341 0 XIE19960429.0161 0
341 0 XIE19960504.0113 0
341 0 XIE19960519.0006 0
341 0 XIE19960523.0164 0
341 0 XIE19960626.0096 0
341 0 XIE19960710.0135 0
341 0 XIE19960711.0232 0
341 0 XIE19960717.0149 0
341 0 XIE19960719.0119 0
341 0 XIE19960720.0009 0
341 0 XIE19960720.0108 0
341 0 XIE19960724.0256 1
341 0 XIE19960726.0347 0
341 0 XIE19960729.0180 0
341 0 XIE19960731.0003 0
341 0 XIE19960802.0012 0
341 0 XIE19960803.0149 0
341 0 XIE19960811.0016 0
341 0 XIE19960813.0087 0
341 0 XIE19960821.0071 0
341 0 XIE19960831.0069 1
341 0 XIE19960910.0278 0
341 0 XIE19960912.0001 0
341 0 XIE19960913.0053 0
341 0 XIE19960917.0048 0
341 0 XIE19960918.0038 1
341 0 XIE19961015.0311 0
341 0 XIE19961113.0177 0
341 0 XIE19961129.0136 0
341 0 XIE19961213.0150 1
341 0 XIE19961216.0038 0
341 0 XIE19961219.0100 0
341 0 XIE19961227.0162 1
341 0 XIE19970104.0075 0
341 0 XIE19970109.0157 0
341 0 XIE19970202.0183 0
341 0 XIE19970225.0049 0
341 0 XIE19970302.0168 0
341 0 XIE19970305.0152 0
341 0 XIE19970328.0190 0
341 0 XIE19970411.0084 0
341 0 XIE19970427.0150 0
341 0 XIE19970429.0063 0
341 0 XIE19970430.0059 0
341 0 XIE19970501.0113 0
341 0 XIE19970503.0022 0
341 0 XIE19970506.0138 0
341 0 XIE19970506.0195 0
341 0 XIE19970511.0185 0
341 0 XIE19970516.0161 0
341 0 XIE19970516.0294 0
341 0 XIE19970518.0125 0
341 0 XIE19970523.0084 0
341 0 XIE19970601.0062 0
341 0 XIE19970601.0105 0
341 0 XIE19970620.0167 0
341 0 XIE19970623.0077 0
341 0 XIE19970705.0133 0
341 0 XIE19970716.0044 1
341 0 XIE19970724.0012 0
341 0 XIE19970807.0141 0
341 0 XIE19970809.0209 0
341 0 XIE19970812.0094 0
341 0 XIE19970823.0121 0
341 0 XIE19970825.0221 0
341 0 XIE19970903.0177 0
341 0 XIE19970919.0048 0
341 0 XIE19970929.0093 0
341 0 XIE19971002.0111 0
341 0 XIE19971024.0082 0
341 0 XIE19971107.0172 0
341 0 XIE19971114.0088 0
341 0 XIE19971115.0160 0
341 0 XIE19971130.0097 0
341 0 XIE19971210.0275 0
341 0 XIE19971219.0183 0
341 0 XIE19971224.0204 0
341 0 XIE19971229.0175 0
341 0 XIE19971231.0090 0
341 0 XIE19980104.0083 0
341 0 XIE19980109.0127 0
341 0 XIE19980111.0066 0
341 0 XIE19980113.0137 0
341 0 XIE19980115.0311 0
341 0 XIE19980116.0010 0
341 0 XIE19980124.0113 0
341 0 XIE19980127.0095 0
341 0 XIE19980209.0043 0
341 0 XIE19980215.0033 0
341 0 XIE19980224.0239 0
341 0 XIE19980403.0172 0
341 0 XIE19980407.0183 0
341 0 XIE19980408.0059 0
341 0 XIE19980413.0166 0
341 0 XIE19980414.0150 0
341 0 XIE19980415.0059 1
341 0 XIE19980422.0241 0
341 0 XIE19980429.0101 0
341 0 XIE19980527.0011 0
341 0 XIE19980528.0012 0
341 0 XIE19980529.0211 0
341 0 XIE19980604.0111 0
341 0 XIE19980614.0073 0
341 0 XIE19980615.0244 0
341 0 XIE19980624.0150 0
341 0 XIE19980625.0073 0
341 0 XIE19980625.0076 0
341 0 XIE19980625.0183 0
341 0 XIE19980627.0014 0
341 0 XIE19980627.0135 0
341 0 XIE19980702.0150 0
341 0 XIE19980702.0281 0
341 0 XIE19980704.0151 0
341 0 XIE19980704.0168 0
341 0 XIE19980705.0132 0
341 0 XIE19980706.0263 0
341 0 XIE19980707.0002 0
341 0 XIE19980711.0051 0
341 0 XIE19980715.0265 0
341 0 XIE19980722.0046 0
341 0 XIE19980725.0187 0
341 0 XIE19980805.0062 0
341 0 XIE19980809.0060 0
341 0 XIE19980809.0089 0
341 0 XIE19980820.0217 0
341 0 XIE19980822.0168 1
341 0 XIE19980824.0100 1
341 0 XIE19980825.0259 0
341 0 XIE19980827.0113 0
341 0 XIE19980827.0238 0
341 0 XIE19980829.0179 0
341 0 XIE19980909.0123 0
341 0 XIE19981005.0071 0
341 0 XIE19981011.0090 0
341 0 XIE19981011.0093 0
341 0 XIE19981016.0333 0
341 0 XIE19981024.0103 0
341 0 XIE19981024.0172 0
341 0 XIE19981024.0206 0
341 0 XIE19981030.0068 0
341 0 XIE19981031.0147 0
341 0 XIE19981104.0111 0
341 0 XIE19981107.0047 0
341 0 XIE19981124.0159 0
341 0 XIE19981124.0179 0
341 0 XIE19981124.0194 0
341 0 XIE19981124.0234 0
341 0 XIE19981203.0153 0
341 0 XIE19981213.0074 0
341 0 XIE19981215.0273 0
341 0 XIE19981218.0404 0
341 0 XIE19981227.0061 0
341 0 XIE19990106.0106 0
341 0 XIE19990120.0176 0
341 0 XIE19990128.0239 0
341 0 XIE19990207.0122 0
341 0 XIE19990307.0184 0
341 0 XIE19990311.0302 0
341 0 XIE19990427.0119 0
341 0 XIE19990519.0100 0
341 0 XIE19990528.0106 0
341 0 XIE19990607.0169 0
341 0 XIE19990608.0157 0
341 0 XIE19990615.0287 0
341 0 XIE19990617.0249 0
341 0 XIE19990622.0147 0
341 0 XIE19990702.0144 0
341 0 XIE19990710.0183 0
341 0 XIE19990715.0283 0
341 0 XIE19990721.0278 0
341 0 XIE19990730.0231 0
341 0 XIE19990803.0110 0
341 0 XIE19990818.0273 0
341 0 XIE19990822.0102 0
341 0 XIE19990824.0123 0
341 0 XIE19990824.0169 0
341 0 XIE19990826.0386 0
341 0 XIE19990830.0216 0
341 0 XIE19990901.0027 0
341 0 XIE19990901.0033 0
341 0 XIE19990902.0276 0
341 0 XIE19990904.0346 0
341 0 XIE19990907.0260 0
341 0 XIE19990915.0230 0
341 0 XIE19990916.0221 0
341 0 XIE19990916.0289 0
341 0 XIE19991003.0122 0
341 0 XIE19991018.0230 0
341 0 XIE19991019.0118 0
341 0 XIE19991027.0136 0
341 0 XIE19991028.0278 0
341 0 XIE19991101.0010 0
341 0 XIE19991101.0023 0
341 0 XIE19991125.0159 0
341 0 XIE19991202.0231 0
341 0 XIE19991210.0417 0
341 0 XIE19991218.0052 0
341 0 XIE19991219.0011 0
341 0 XIE19991225.0050 0
341 0 XIE19991225.0073 0
341 0 XIE20000101.0142 0
341 0 XIE20000103.0056 0
341 0 XIE20000107.0147 0
341 0 XIE20000119.0050 0
341 0 XIE20000124.0023 0
341 0 XIE20000125.0315 0
341 0 XIE20000128.0002 0
341 0 XIE20000202.0241 0
341 0 XIE20000203.0265 0
341 0 XIE20000207.0074 0
341 0 XIE20000207.0087 0
341 0 XIE20000207.0147 0
341 0 XIE20000212.0029 0
341 0 XIE20000218.0231 0
341 0 XIE20000306.0242 0
341 0 XIE20000307.0003 0
341 0 XIE20000330.0242 0
341 0 XIE20000406.0260 0
341 0 XIE20000409.0065 0
341 0 XIE20000411.0249 0
341 0 XIE20000411.0395 0
341 0 XIE20000413.0129 0
341 0 XIE20000419.0053 0
341 0 XIE20000504.0049 0
341 0 XIE20000508.0028 0
341 0 XIE20000514.0097 0
341 0 XIE20000519.0111 0
341 0 XIE20000526.0051 0
341 0 XIE20000528.0055 0
341 0 XIE20000529.0013 1
341 0 XIE20000604.0158 0
341 0 XIE20000608.0338 0
341 0 XIE20000616.0030 0
341 0 XIE20000617.0181 0
341 0 XIE20000706.0051 0
341 0 XIE20000708.0003 0
341 0 XIE20000709.0052 0
341 0 XIE20000719.0013 0
341 0 XIE20000719.0036 0
341 0 XIE20000726.0357 0
341 0 XIE20000801.0181 0
341 0 XIE20000804.0138 0
341 0 XIE20000821.0210 0
341 0 XIE20000824.0019 0
341 0 XIE20000830.0141 0
341 0 XIE20000831.0074 0
341 0 XIE20000908.0041 0