375 0 APW19980604.1538 0
375 0 APW19980604.1738 0
375 0 APW19980629.0671 0
375 0 APW19980703.0368 0
375 0 APW19980703.0721 0
375 0 APW19980809.0110 0
375 0 APW19980817.0330 1
375 0 APW19980830.0241 0
375 0 APW19980903.1209 0
375 0 APW19980924.0328 0
375 0 APW19981003.0675 0
375 0 APW19981008.0331 0
375 0 APW19981012.0732 0
375 0 APW19981016.0167 0
375 0 APW19981106.0904 0
375 0 APW19981106.0920 0
375 0 APW19981109.1089 0
375 0 APW19981109.1172 0
375 0 APW19981110.1412 0
375 0 APW19981215.0883 0
375 0 APW19981217.1511 0
375 0 APW19981219.0464 0
375 0 APW19981226.0262 0
375 0 APW19981228.0245 0
375 0 APW19990103.0029 0
375 0 APW19990103.0030 1
375 0 APW19990103.0050 1
375 0 APW19990305.0135 0
375 0 APW19990306.0051 0
375 0 APW19990306.0109 0
375 0 APW19990307.0052 0
375 0 APW19990308.0244 0
375 0 APW19990315.0045 0
375 0 APW19990315.0124 0
375 0 APW19990316.0294 1
375 0 APW19990317.0117 1
375 0 APW19990317.0123 1
375 0 APW19990317.0176 1
375 0 APW19990317.0228 0
375 0 APW19990317.0280 0
375 0 APW19990317.0359 1
375 0 APW19990317.0360 1
375 0 APW19990322.0199 0
375 0 APW19990328.0007 1
375 0 APW19990408.0035 0
375 0 APW19990408.0197 0
375 0 APW19990408.0280 0
375 0 APW19990408.0288 0
375 0 APW19990409.0079 0
375 0 APW19990409.0215 0
375 0 APW19990411.0027 1
375 0 APW19990411.0075 1
375 0 APW19990418.0067 0
375 0 APW19990418.0109 1
375 0 APW19990419.0020 1
375 0 APW19990419.0080 1
375 0 APW19990419.0081 1
375 0 APW19990419.0260 1
375 0 APW19990420.0135 1
375 0 APW19990531.0089 0
375 0 APW19990601.0240 0
375 0 APW19990602.0052 0
375 0 APW19990611.0166 1
375 0 APW19990620.0020 0
375 0 APW19990623.0076 0
375 0 APW19990624.0326 0
375 0 APW19990625.0234 0
375 0 APW19990708.0131 0
375 0 APW19990709.0128 0
375 0 APW19990709.0159 0
375 0 APW19990722.0111 0
375 0 APW19990723.0197 0
375 0 APW19990725.0012 0
375 0 APW19990725.0040 0
375 0 APW19990726.0003 0
375 0 APW19990726.0004 0
375 0 APW19990728.0256 0
375 0 APW19990728.0259 0
375 0 APW19990730.0247 0
375 0 APW19990731.0194 0
375 0 APW19990811.0178 0
375 0 APW19990811.0274 0
375 0 APW19990812.0151 0
375 0 APW19990817.0242 1
375 0 APW19990919.0042 0
375 0 APW19990927.0205 0
375 0 APW19990930.0217 0
375 0 APW19991007.0310 0
375 0 APW19991012.0009 0
375 0 APW19991014.0216 1
375 0 APW20000111.0154 0
375 0 APW20000111.0254 0
375 0 APW20000113.0264 0
375 0 APW20000119.0334 0
375 0 APW20000212.0081 0
375 0 APW20000329.0041 0
375 0 APW20000413.0228 0
375 0 APW20000414.0181 0
375 0 APW20000415.0006 0
375 0 APW20000427.0198 0
375 0 APW20000517.0207 0
375 0 APW20000518.0056 1
375 0 APW20000526.0167 0
375 0 NYT19980601.0305 0
375 0 NYT19980604.0463 0
375 0 NYT19980616.0359 0
375 0 NYT19980616.0454 0
375 0 NYT19980617.0095 0
375 0 NYT19980618.0113 0
375 0 NYT19980714.0429 1
375 0 NYT19980726.0062 0
375 0 NYT19980730.0127 0
375 0 NYT19980806.0085 0
375 0 NYT19980806.0086 0
375 0 NYT19980811.0143 0
375 0 NYT19980811.0144 0
375 0 NYT19980817.0223 0
375 0 NYT19980908.0358 0
375 0 NYT19980909.0082 0
375 0 NYT19980928.0169 1
375 0 NYT19980929.0072 0
375 0 NYT19981019.0392 0
375 0 NYT19981019.0393 0
375 0 NYT19981021.0399 0
375 0 NYT19981021.0512 0
375 0 NYT19981025.0045 0
375 0 NYT19981029.0136 0
375 0 NYT19981113.0215 0
375 0 NYT19981115.0060 0
375 0 NYT19981117.0263 0
375 0 NYT19981118.0235 0
375 0 NYT19981120.0284 0
375 0 NYT19981128.0118 0
375 0 NYT19981218.0410 0
375 0 NYT19981220.0196 0
375 0 NYT19981222.0196 0
375 0 NYT19981222.0255 0
375 0 NYT19981222.0299 0
375 0 NYT19981222.0308 0
375 0 NYT19981228.0236 0
375 0 NYT19981230.0455 0
375 0 NYT19990103.0011 0
375 0 NYT19990108.0252 0
375 0 NYT19990108.0267 0
375 0 NYT19990117.0065 0
375 0 NYT19990118.0207 0
375 0 NYT19990124.0049 0
375 0 NYT19990128.0413 0
375 0 NYT19990129.0348 0
375 0 NYT19990205.0290 0
375 0 NYT19990206.0197 0
375 0 NYT19990211.0112 0
375 0 NYT19990211.0116 0
375 0 NYT19990215.0154 0
375 0 NYT19990216.0089 0
375 0 NYT19990216.0371 0
375 0 NYT19990219.0159 0
375 0 NYT19990219.0160 0
375 0 NYT19990220.0192 0
375 0 NYT19990220.0193 0
375 0 NYT19990220.0195 0
375 0 NYT19990220.0196 0
375 0 NYT19990223.0126 0
375 0 NYT19990223.0127 0
375 0 NYT19990223.0299 0
375 0 NYT19990226.0373 0
375 0 NYT19990226.0420 0
375 0 NYT19990228.0177 0
375 0 NYT19990309.0170 0
375 0 NYT19990319.0257 0
375 0 NYT19990319.0258 0
375 0 NYT19990320.0064 0
375 0 NYT19990322.0232 0
375 0 NYT19990322.0259 0
375 0 NYT19990323.0304 0
375 0 NYT19990323.0364 0
375 0 NYT19990325.0138 0
375 0 NYT19990325.0240 0
375 0 NYT19990402.0198 1
375 0 NYT19990405.0162 0
375 0 NYT19990405.0163 0
375 0 NYT19990405.0293 0
375 0 NYT19990418.0142 0
375 0 NYT19990428.0373 0
375 0 NYT19990512.0502 0
375 0 NYT19990512.0512 0
375 0 NYT19990515.0103 0
375 0 NYT19990515.0111 0
375 0 NYT19990516.0157 0
375 0 NYT19990520.0332 0
375 0 NYT19990523.0066 0
375 0 NYT19990523.0130 0
375 0 NYT19990524.0127 0
375 0 NYT19990524.0138 0
375 0 NYT19990524.0282 0
375 0 NYT19990531.0182 0
375 0 NYT19990531.0297 0
375 0 NYT19990605.0102 0
375 0 NYT19990605.0108 0
375 0 NYT19990605.0245 0
375 0 NYT19990605.0246 0
375 0 NYT19990607.0184 1
375 0 NYT19990607.0222 1
375 0 NYT19990607.0231 1
375 0 NYT19990607.0290 1
375 0 NYT19990608.0028 1
375 0 NYT19990608.0433 1
375 0 NYT19990617.0155 0
375 0 NYT19990621.0006 0
375 0 NYT19990621.0241 0
375 0 NYT19990705.0117 0
375 0 NYT19990707.0374 0
375 0 NYT19990707.0378 0
375 0 NYT19990708.0371 0
375 0 NYT19990711.0057 0
375 0 NYT19990712.0191 0
375 0 NYT19990718.0097 0
375 0 NYT19990720.0021 0
375 0 NYT19990721.0111 0
375 0 NYT19990730.0270 0
375 0 NYT19990731.0008 0
375 0 NYT19990731.0009 0
375 0 NYT19990731.0112 0
375 0 NYT19990810.0255 0
375 0 NYT19990810.0256 0
375 0 NYT19990810.0259 0
375 0 NYT19990810.0260 0
375 0 NYT19990810.0263 0
375 0 NYT19990816.0314 0
375 0 NYT19990824.0143 0
375 0 NYT19990824.0144 0
375 0 NYT19990830.0377 1
375 0 NYT19990901.0126 0
375 0 NYT19990906.0268 0
375 0 NYT19990907.0207 0
375 0 NYT19990913.0231 0
375 0 NYT19990921.0246 0
375 0 NYT19990922.0004 0
375 0 NYT19990922.0394 0
375 0 NYT19990922.0467 0
375 0 NYT19990923.0114 0
375 0 NYT19990923.0122 0
375 0 NYT19990926.0130 0
375 0 NYT19990926.0140 0
375 0 NYT19990930.0453 0
375 0 NYT19991003.0058 0
375 0 NYT19991003.0422 0
375 0 NYT19991003.0433 0
375 0 NYT19991003.0901 1
375 0 NYT19991007.0076 1
375 0 NYT19991010.0195 0
375 0 NYT19991020.0225 0
375 0 NYT19991025.0330 0
375 0 NYT19991028.0219 0
375 0 NYT19991030.0130 1
375 0 NYT19991031.0032 0
375 0 NYT19991103.0005 0
375 0 NYT19991103.0266 0
375 0 NYT19991105.0309 0
375 0 NYT19991108.0137 0
375 0 NYT19991108.0146 0
375 0 NYT19991109.0371 0
375 0 NYT19991115.0031 0
375 0 NYT19991115.0032 0
375 0 NYT19991115.0035 0
375 0 NYT19991115.0036 0
375 0 NYT19991115.0196 0
375 0 NYT19991115.0422 0
375 0 NYT19991117.0125 0
375 0 NYT19991117.0126 0
375 0 NYT19991117.0131 0
375 0 NYT19991117.0133 0
375 0 NYT19991117.0479 0
375 0 NYT19991119.0015 0
375 0 NYT19991122.0210 0
375 0 NYT19991124.0148 0
375 0 NYT19991206.0109 0
375 0 NYT19991208.0299 0
375 0 NYT19991219.0087 0
375 0 NYT19991219.0127 1
375 0 NYT19991227.0171 0
375 0 NYT19991227.0173 0
375 0 NYT19991227.0227 0
375 0 NYT19991227.0269 0
375 0 NYT20000101.0194 0
375 0 NYT20000117.0158 0
375 0 NYT20000120.0004 0
375 0 NYT20000120.0005 0
375 0 NYT20000120.0359 0
375 0 NYT20000123.0039 1
375 0 NYT20000124.0209 0
375 0 NYT20000214.0296 0
375 0 NYT20000227.0072 0
375 0 NYT20000229.0186 0
375 0 NYT20000301.0349 0
375 0 NYT20000303.0248 0
375 0 NYT20000309.0083 0
375 0 NYT20000321.0371 0
375 0 NYT20000404.0189 0
375 0 NYT20000404.0286 0
375 0 NYT20000416.0233 0
375 0 NYT20000422.0121 0
375 0 NYT20000515.0216 0
375 0 NYT20000525.0365 0
375 0 NYT20000526.0206 1
375 0 NYT20000529.0155 0
375 0 NYT20000603.0035 0
375 0 NYT20000605.0037 0
375 0 NYT20000619.0204 0
375 0 NYT20000627.0026 0
375 0 NYT20000630.0094 1
375 0 NYT20000703.0124 1
375 0 NYT20000703.0270 0
375 0 NYT20000703.0328 0
375 0 NYT20000705.0156 0
375 0 NYT20000707.0102 0
375 0 NYT20000711.0087 1
375 0 NYT20000713.0049 1
375 0 NYT20000713.0084 1
375 0 NYT20000713.0092 0
375 0 NYT20000713.0140 0
375 0 NYT20000716.0128 0
375 0 NYT20000717.0264 0
375 0 NYT20000724.0371 0
375 0 NYT20000731.0323 0
375 0 NYT20000811.0065 0
375 0 NYT20000811.0193 0
375 0 NYT20000821.0321 1
375 0 NYT20000824.0373 0
375 0 NYT20000901.0107 0
375 0 NYT20000901.0108 0
375 0 NYT20000911.0164 0
375 0 NYT20000920.0084 0
375 0 NYT20000925.0244 0
375 0 NYT20000925.0292 0
375 0 XIE19960116.0084 0
375 0 XIE19960123.0130 0
375 0 XIE19960125.0224 0
375 0 XIE19960227.0051 0
375 0 XIE19960318.0209 0
375 0 XIE19960327.0190 0
375 0 XIE19960415.0056 0
375 0 XIE19960519.0006 0
375 0 XIE19960612.0035 0
375 0 XIE19960612.0145 0
375 0 XIE19960619.0202 0
375 0 XIE19960725.0202 0
375 0 XIE19960809.0149 0
375 0 XIE19960821.0071 0
375 0 XIE19960915.0015 0
375 0 XIE19960915.0087 0
375 0 XIE19960917.0293 0
375 0 XIE19960918.0056 0
375 0 XIE19960922.0094 0
375 0 XIE19961015.0253 0
375 0 XIE19961108.0115 0
375 0 XIE19961129.0058 0
375 0 XIE19961206.0293 0
375 0 XIE19961216.0038 0
375 0 XIE19970104.0075 0
375 0 XIE19970108.0033 1
375 0 XIE19970128.0241 0
375 0 XIE19970131.0193 1
375 0 XIE19970202.0183 0
375 0 XIE19970223.0128 0
375 0 XIE19970301.0292 0
375 0 XIE19970313.0070 0
375 0 XIE19970317.0069 0
375 0 XIE19970327.0180 0
375 0 XIE19970327.0235 0
375 0 XIE19970404.0122 0
375 0 XIE19970405.0110 0
375 0 XIE19970409.0047 0
375 0 XIE19970410.0146 0
375 0 XIE19970424.0245 1
375 0 XIE19970522.0067 0
375 0 XIE19970525.0136 0
375 0 XIE19970606.0244 0
375 0 XIE19970612.0251 0
375 0 XIE19970614.0203 0
375 0 XIE19970705.0150 0
375 0 XIE19970731.0163 0
375 0 XIE19970813.0049 0
375 0 XIE19970815.0155 0
375 0 XIE19970827.0239 0
375 0 XIE19970912.0160 0
375 0 XIE19970916.0246 0
375 0 XIE19970919.0048 0
375 0 XIE19970922.0194 0
375 0 XIE19970922.0204 0
375 0 XIE19971001.0060 0
375 0 XIE19971015.0044 0
375 0 XIE19971022.0046 0
375 0 XIE19971030.0175 0
375 0 XIE19971031.0142 0
375 0 XIE19971101.0016 0
375 0 XIE19971104.0002 0
375 0 XIE19971231.0090 0
375 0 XIE19980108.0157 0
375 0 XIE19980206.0081 0
375 0 XIE19980213.0168 0
375 0 XIE19980216.0199 0
375 0 XIE19980223.0077 0
375 0 XIE19980227.0290 0
375 0 XIE19980227.0291 0
375 0 XIE19980315.0034 0
375 0 XIE19980429.0100 0
375 0 XIE19980429.0101 0
375 0 XIE19980517.0078 0
375 0 XIE19980611.0081 0
375 0 XIE19980622.0104 0
375 0 XIE19980626.0044 0
375 0 XIE19980630.0041 0
375 0 XIE19980818.0296 1
375 0 XIE19980821.0158 0
375 0 XIE19980825.0304 0
375 0 XIE19980921.0053 0
375 0 XIE19980923.0115 0
375 0 XIE19980929.0225 0
375 0 XIE19981011.0090 0
375 0 XIE19981011.0093 0
375 0 XIE19981030.0112 0
375 0 XIE19981115.0029 0
375 0 XIE19981201.0110 0
375 0 XIE19981207.0073 0
375 0 XIE19981209.0300 0
375 0 XIE19981229.0254 0
375 0 XIE19990208.0053 0
375 0 XIE19990310.0288 0
375 0 XIE19990318.0033 1
375 0 XIE19990420.0006 1
375 0 XIE19990421.0358 0
375 0 XIE19990528.0102 0
375 0 XIE19990602.0040 0
375 0 XIE19990608.0041 0
375 0 XIE19990708.0135 0
375 0 XIE19990721.0044 0
375 0 XIE19990730.0283 0
375 0 XIE19990821.0143 0
375 0 XIE19990825.0029 0
375 0 XIE19990909.0262 0
375 0 XIE19990918.0124 0
375 0 XIE19990919.0042 0
375 0 XIE19990921.0073 0
375 0 XIE19991011.0211 0
375 0 XIE19991023.0142 0
375 0 XIE19991024.0126 0
375 0 XIE19991029.0093 0
375 0 XIE19991030.0031 0
375 0 XIE19991114.0123 0
375 0 XIE19991206.0131 0
375 0 XIE19991214.0207 0
375 0 XIE19991216.0316 0
375 0 XIE19991218.0079 0
375 0 XIE20000126.0152 0
375 0 XIE20000126.0269 0
375 0 XIE20000209.0242 0
375 0 XIE20000211.0205 0
375 0 XIE20000212.0029 0
375 0 XIE20000218.0231 0
375 0 XIE20000229.0269 0
375 0 XIE20000322.0232 0
375 0 XIE20000411.0249 0
375 0 XIE20000428.0033 0
375 0 XIE20000428.0184 0
375 0 XIE20000508.0098 0
375 0 XIE20000510.0293 0
375 0 XIE20000519.0111 0
375 0 XIE20000523.0130 0
375 0 XIE20000523.0131 0
375 0 XIE20000524.0242 0
375 0 XIE20000525.0069 0
375 0 XIE20000526.0051 0
375 0 XIE20000609.0126 0
375 0 XIE20000614.0188 0
375 0 XIE20000617.0035 0
375 0 XIE20000617.0181 0
375 0 XIE20000717.0265 0
375 0 XIE20000724.0189 0
375 0 XIE20000725.0309 0
375 0 XIE20000726.0357 0
375 0 XIE20000731.0308 0
375 0 XIE20000906.0259 0
375 0 XIE20000909.0223 0
375 0 XIE20000919.0079 0