416 0 APW19980703.0368 0
416 0 APW19980703.0721 0
416 0 APW19980708.0628 0
416 0 APW19980712.0658 0
416 0 APW19980830.0241 0
416 0 APW19980906.0583 0
416 0 APW19981008.0331 0
416 0 APW19981011.0918 0
416 0 APW19981016.0167 0
416 0 APW19981021.1383 0
416 0 APW19981216.1449 0
416 0 APW19981219.0464 0
416 0 APW19981230.1192 0
416 0 APW19981231.0188 1
416 0 APW19990126.0317 0
416 0 APW19990726.0141 0
416 0 APW19990728.0313 0
416 0 APW20000110.0254 0
416 0 APW20000110.0261 0
416 0 APW20000624.0101 0
416 0 NYT19980603.0152 2
416 0 NYT19980603.0153 2
416 0 NYT19980603.0157 2
416 0 NYT19980603.0158 2
416 0 NYT19980604.0069 2
416 0 NYT19980604.0070 1
416 0 NYT19980604.0073 2
416 0 NYT19980604.0074 2
416 0 NYT19980615.0169 0
416 0 NYT19980902.0039 0
416 0 NYT19981021.0399 0
416 0 NYT19981220.0131 0
416 0 NYT19990102.0191 0
416 0 NYT19990103.0084 0
416 0 NYT19990103.0121 0
416 0 NYT19990106.0216 0
416 0 NYT19990113.0345 0
416 0 NYT19990114.0508 0
416 0 NYT19990120.0261 0
416 0 NYT19990124.0220 0
416 0 NYT19990130.0074 0
416 0 NYT19990130.0076 0
416 0 NYT19990203.0373 0
416 0 NYT19990209.0261 0
416 0 NYT19990219.0159 0
416 0 NYT19990219.0160 0
416 0 NYT19990220.0176 0
416 0 NYT19990221.0142 0
416 0 NYT19990223.0126 0
416 0 NYT19990223.0127 0
416 0 NYT19990224.0159 0
416 0 NYT19990303.0352 0
416 0 NYT19990309.0170 0
416 0 NYT19990317.0308 1
416 0 NYT19990320.0240 0
416 0 NYT19990328.0108 0
416 0 NYT19990328.0241 0
416 0 NYT19990411.0028 0
416 0 NYT19990411.0031 0
416 0 NYT19990419.0272 0
416 0 NYT19990423.0253 0
416 0 NYT19990513.0492 0
416 0 NYT19990520.0201 0
416 0 NYT19990521.0052 0
416 0 NYT19990524.0383 0
416 0 NYT19990526.0403 0
416 0 NYT19990526.0428 0
416 0 NYT19990531.0182 0
416 0 NYT19990621.0006 0
416 0 NYT19990627.0064 0
416 0 NYT19990629.0179 0
416 0 NYT19990708.0447 0
416 0 NYT19990716.0354 0
416 0 NYT19990828.0199 0
416 0 NYT19990921.0246 0
416 0 NYT19990922.0004 0
416 0 NYT19990922.0431 0
416 0 NYT19990924.0286 0
416 0 NYT19990925.0223 0
416 0 NYT19990929.0263 0
416 0 NYT19991003.0468 0
416 0 NYT19991006.0201 0
416 0 NYT19991012.0287 0
416 0 NYT19991016.0134 0
416 0 NYT19991108.0432 0
416 0 NYT19991123.0295 0
416 0 NYT19991127.0150 0
416 0 NYT19991220.0370 0
416 0 NYT20000113.0010 0
416 0 NYT20000124.0348 0
416 0 NYT20000204.0343 0
416 0 NYT20000214.0523 0
416 0 NYT20000315.0082 0
416 0 NYT20000403.0222 0
416 0 NYT20000505.0326 0
416 0 NYT20000626.0214 0
416 0 NYT20000703.0250 0
416 0 NYT20000823.0331 0
416 0 NYT20000823.0402 0
416 0 XIE19960103.0132 0
416 0 XIE19960108.0144 2
416 0 XIE19960124.0085 0
416 0 XIE19960201.0088 1
416 0 XIE19960202.0136 1
416 0 XIE19960204.0092 0
416 0 XIE19960206.0201 0
416 0 XIE19960220.0068 0
416 0 XIE19960225.0134 1
416 0 XIE19960228.0095 0
416 0 XIE19960229.0056 0
416 0 XIE19960306.0247 1
416 0 XIE19960314.0102 0
416 0 XIE19960407.0113 2
416 0 XIE19960409.0175 0
416 0 XIE19960417.0188 0
416 0 XIE19960419.0257 0
416 0 XIE19960422.0139 0
416 0 XIE19960423.0219 0
416 0 XIE19960427.0228 0
416 0 XIE19960427.0252 1
416 0 XIE19960502.0080 0
416 0 XIE19960508.0099 0
416 0 XIE19960514.0105 0
416 0 XIE19960519.0056 0
416 0 XIE19960521.0190 1
416 0 XIE19960526.0175 1
416 0 XIE19960529.0153 1
416 0 XIE19960604.0206 0
416 0 XIE19960609.0165 0
416 0 XIE19960618.0088 1
416 0 XIE19960618.0208 1
416 0 XIE19960623.0121 2
416 0 XIE19960623.0122 0
416 0 XIE19960624.0046 1
416 0 XIE19960625.0297 1
416 0 XIE19960625.0299 1
416 0 XIE19960629.0233 0
416 0 XIE19960703.0219 0
416 0 XIE19960711.0249 0
416 0 XIE19960712.0220 0
416 0 XIE19960714.0150 0
416 0 XIE19960718.0134 1
416 0 XIE19960719.0208 0
416 0 XIE19960722.0155 0
416 0 XIE19960723.0158 1
416 0 XIE19960726.0023 0
416 0 XIE19960731.0110 1
416 0 XIE19960802.0174 0
416 0 XIE19960807.0099 0
416 0 XIE19960810.0104 0
416 0 XIE19960811.0035 0
416 0 XIE19960811.0135 0
416 0 XIE19960813.0208 0
416 0 XIE19960819.0251 0
416 0 XIE19960821.0124 0
416 0 XIE19960821.0245 0
416 0 XIE19960822.0160 0
416 0 XIE19960823.0034 0
416 0 XIE19960829.0139 0
416 0 XIE19960904.0206 1
416 0 XIE19960916.0196 1
416 0 XIE19960923.0008 0
416 0 XIE19960926.0106 0
416 0 XIE19960927.0285 1
416 0 XIE19960928.0013 0
416 0 XIE19960930.0037 1
416 0 XIE19960930.0040 1
416 0 XIE19961015.0289 0
416 0 XIE19961016.0103 0
416 0 XIE19961020.0044 0
416 0 XIE19961020.0165 0
416 0 XIE19961021.0066 1
416 0 XIE19961023.0077 0
416 0 XIE19961025.0276 0
416 0 XIE19961026.0097 0
416 0 XIE19961105.0257 1
416 0 XIE19961106.0151 1
416 0 XIE19961106.0162 0
416 0 XIE19961106.0182 0
416 0 XIE19961117.0129 1
416 0 XIE19961121.0030 0
416 0 XIE19961125.0197 0
416 0 XIE19961129.0095 1
416 0 XIE19961203.0196 0
416 0 XIE19961210.0221 0
416 0 XIE19961211.0133 1
416 0 XIE19961216.0044 1
416 0 XIE19961216.0204 0
416 0 XIE19961217.0177 0
416 0 XIE19961219.0154 0
416 0 XIE19961225.0138 1
416 0 XIE19961226.0101 0
416 0 XIE19961228.0157 1
416 0 XIE19970102.0072 0
416 0 XIE19970106.0170 0
416 0 XIE19970109.0108 0
416 0 XIE19970112.0046 0
416 0 XIE19970121.0184 1
416 0 XIE19970121.0185 0
416 0 XIE19970127.0215 0
416 0 XIE19970130.0223 0
416 0 XIE19970207.0056 1
416 0 XIE19970209.0096 1
416 0 XIE19970209.0117 0
416 0 XIE19970210.0020 0
416 0 XIE19970212.0184 0
416 0 XIE19970213.0138 0
416 0 XIE19970219.0274 0
416 0 XIE19970227.0030 1
416 0 XIE19970227.0032 1
416 0 XIE19970227.0160 1
416 0 XIE19970302.0127 2
416 0 XIE19970304.0152 0
416 0 XIE19970305.0174 1
416 0 XIE19970313.0070 0
416 0 XIE19970313.0258 0
416 0 XIE19970314.0198 0
416 0 XIE19970326.0101 0
416 0 XIE19970326.0150 0
416 0 XIE19970327.0251 0
416 0 XIE19970327.0275 0
416 0 XIE19970331.0077 1
416 0 XIE19970401.0227 0
416 0 XIE19970402.0153 0
416 0 XIE19970404.0100 0
416 0 XIE19970405.0165 0
416 0 XIE19970407.0161 0
416 0 XIE19970423.0221 0
416 0 XIE19970512.0203 0
416 0 XIE19970526.0189 0
416 0 XIE19970602.0227 0
416 0 XIE19970603.0138 0
416 0 XIE19970604.0179 1
416 0 XIE19970606.0244 0
416 0 XIE19970611.0044 0
416 0 XIE19970701.0203 0
416 0 XIE19970707.0182 0
416 0 XIE19970715.0220 1
416 0 XIE19970724.0132 0
416 0 XIE19970726.0082 0
416 0 XIE19970726.0163 1
416 0 XIE19970807.0169 0
416 0 XIE19970811.0152 0
416 0 XIE19970814.0219 1
416 0 XIE19970817.0043 0
416 0 XIE19970817.0088 0
416 0 XIE19970819.0246 2
416 0 XIE19970820.0201 0
416 0 XIE19970821.0178 0
416 0 XIE19970825.0219 1
416 0 XIE19970902.0056 1
416 0 XIE19970902.0204 0
416 0 XIE19970903.0153 0
416 0 XIE19970904.0283 1
416 0 XIE19970904.0285 1
416 0 XIE19970911.0158 1
416 0 XIE19970911.0276 0
416 0 XIE19970912.0014 0
416 0 XIE19970912.0233 1
416 0 XIE19970914.0067 0
416 0 XIE19970915.0168 0
416 0 XIE19970916.0129 1
416 0 XIE19970917.0175 1
416 0 XIE19970917.0200 1
416 0 XIE19970917.0204 1
416 0 XIE19970919.0048 0
416 0 XIE19970919.0200 0
416 0 XIE19970924.0245 1
416 0 XIE19970930.0160 1
416 0 XIE19971002.0003 0
416 0 XIE19971002.0073 0
416 0 XIE19971002.0079 1
416 0 XIE19971002.0080 1
416 0 XIE19971002.0097 1
416 0 XIE19971002.0101 1
416 0 XIE19971007.0117 1
416 0 XIE19971007.0159 0
416 0 XIE19971008.0215 0
416 0 XIE19971010.0179 0
416 0 XIE19971013.0142 1
416 0 XIE19971014.0001 0
416 0 XIE19971014.0002 0
416 0 XIE19971014.0095 1
416 0 XIE19971014.0156 1
416 0 XIE19971015.0118 0
416 0 XIE19971015.0206 0
416 0 XIE19971019.0171 0
416 0 XIE19971020.0172 0
416 0 XIE19971021.0231 0
416 0 XIE19971022.0016 0
416 0 XIE19971022.0078 0
416 0 XIE19971022.0109 0
416 0 XIE19971023.0117 0
416 0 XIE19971024.0006 1
416 0 XIE19971027.0042 1
416 0 XIE19971027.0072 1
416 0 XIE19971027.0110 1
416 0 XIE19971027.0133 1
416 0 XIE19971028.0077 1
416 0 XIE19971028.0079 1
416 0 XIE19971028.0080 0
416 0 XIE19971028.0148 1
416 0 XIE19971029.0072 0
416 0 XIE19971029.0088 0
416 0 XIE19971029.0099 0
416 0 XIE19971030.0130 0
416 0 XIE19971031.0110 1
416 0 XIE19971101.0062 0
416 0 XIE19971101.0075 0
416 0 XIE19971101.0100 0
416 0 XIE19971101.0132 1
416 0 XIE19971101.0135 1
416 0 XIE19971101.0137 0
416 0 XIE19971102.0114 0
416 0 XIE19971102.0158 1
416 0 XIE19971102.0159 0
416 0 XIE19971102.0163 1
416 0 XIE19971102.0183 1
416 0 XIE19971102.0186 1
416 0 XIE19971102.0198 0
416 0 XIE19971103.0046 0
416 0 XIE19971103.0071 0
416 0 XIE19971103.0082 1
416 0 XIE19971103.0090 1
416 0 XIE19971103.0129 0
416 0 XIE19971103.0136 0
416 0 XIE19971103.0157 0
416 0 XIE19971103.0191 1
416 0 XIE19971103.0192 1
416 0 XIE19971103.0195 0
416 0 XIE19971103.0214 0
416 0 XIE19971104.0074 1
416 0 XIE19971104.0075 0
416 0 XIE19971104.0132 0
416 0 XIE19971104.0176 1
416 0 XIE19971104.0177 0
416 0 XIE19971104.0207 1
416 0 XIE19971104.0242 1
416 0 XIE19971104.0258 1
416 0 XIE19971104.0270 1
416 0 XIE19971104.0277 1
416 0 XIE19971104.0278 1
416 0 XIE19971105.0112 0
416 0 XIE19971105.0114 0
416 0 XIE19971105.0129 0
416 0 XIE19971105.0130 0
416 0 XIE19971105.0162 0
416 0 XIE19971105.0205 0
416 0 XIE19971105.0210 2
416 0 XIE19971105.0230 2
416 0 XIE19971105.0231 0
416 0 XIE19971105.0232 1
416 0 XIE19971105.0233 0
416 0 XIE19971105.0238 0
416 0 XIE19971105.0239 0
416 0 XIE19971105.0265 0
416 0 XIE19971106.0003 0
416 0 XIE19971106.0004 0
416 0 XIE19971106.0097 0
416 0 XIE19971106.0098 0
416 0 XIE19971106.0130 0
416 0 XIE19971106.0171 1
416 0 XIE19971106.0174 0
416 0 XIE19971106.0209 1
416 0 XIE19971106.0226 0
416 0 XIE19971106.0227 0
416 0 XIE19971106.0233 1
416 0 XIE19971107.0158 0
416 0 XIE19971107.0159 1
416 0 XIE19971107.0189 0
416 0 XIE19971107.0204 0
416 0 XIE19971107.0214 0
416 0 XIE19971107.0217 0
416 0 XIE19971107.0222 0
416 0 XIE19971107.0246 1
416 0 XIE19971107.0247 1
416 0 XIE19971107.0264 1
416 0 XIE19971107.0266 1
416 0 XIE19971107.0286 0
416 0 XIE19971107.0300 1
416 0 XIE19971108.0021 1
416 0 XIE19971108.0091 0
416 0 XIE19971108.0102 0
416 0 XIE19971108.0131 1
416 0 XIE19971108.0140 0
416 0 XIE19971108.0142 0
416 0 XIE19971108.0143 0
416 0 XIE19971108.0169 1
416 0 XIE19971108.0174 1
416 0 XIE19971108.0262 1
416 0 XIE19971108.0264 1
416 0 XIE19971109.0003 0
416 0 XIE19971109.0154 1
416 0 XIE19971109.0162 0
416 0 XIE19971110.0005 0
416 0 XIE19971112.0187 0
416 0 XIE19971119.0077 0
416 0 XIE19971120.0212 1
416 0 XIE19971120.0235 0
416 0 XIE19971121.0197 0
416 0 XIE19971125.0286 1
416 0 XIE19971128.0133 0
416 0 XIE19971203.0182 1
416 0 XIE19971211.0031 0
416 0 XIE19971211.0227 1
416 0 XIE19971216.0129 0
416 0 XIE19971217.0074 1
416 0 XIE19971226.0188 0
416 0 XIE19971228.0134 0
416 0 XIE19971231.0090 0
416 0 XIE19980114.0180 0
416 0 XIE19980115.0264 0
416 0 XIE19980116.0275 0
416 0 XIE19980122.0185 0
416 0 XIE19980130.0121 0
416 0 XIE19980222.0084 0
416 0 XIE19980304.0215 0
416 0 XIE19980308.0126 1
416 0 XIE19980312.0267 1
416 0 XIE19980330.0179 0
416 0 XIE19980403.0097 0
416 0 XIE19980407.0192 0
416 0 XIE19980420.0137 0
416 0 XIE19980420.0169 0
416 0 XIE19980422.0138 0
416 0 XIE19980426.0060 0
416 0 XIE19980429.0101 0
416 0 XIE19980510.0162 2
416 0 XIE19980514.0108 0
416 0 XIE19980603.0110 0
416 0 XIE19980607.0044 0
416 0 XIE19980607.0066 1
416 0 XIE19980626.0220 0
416 0 XIE19980718.0051 0
416 0 XIE19980718.0175 0
416 0 XIE19980719.0032 0
416 0 XIE19980725.0014 0
416 0 XIE19980725.0020 0
416 0 XIE19980725.0098 0
416 0 XIE19980730.0149 1
416 0 XIE19980804.0200 0
416 0 XIE19980806.0177 1
416 0 XIE19980807.0036 0
416 0 XIE19980811.0104 0
416 0 XIE19980812.0209 0
416 0 XIE19980819.0152 0
416 0 XIE19980821.0089 0
416 0 XIE19980827.0178 1
416 0 XIE19980902.0001 0
416 0 XIE19980904.0198 0
416 0 XIE19980915.0116 0
416 0 XIE19981010.0017 0
416 0 XIE19981011.0090 0
416 0 XIE19981018.0130 0
416 0 XIE19981026.0099 0
416 0 XIE19981030.0112 0
416 0 XIE19981107.0141 0
416 0 XIE19981110.0163 0
416 0 XIE19981116.0191 0
416 0 XIE19981117.0087 0
416 0 XIE19981117.0100 0
416 0 XIE19981120.0238 0
416 0 XIE19981126.0078 0
416 0 XIE19981204.0225 0
416 0 XIE19981205.0220 0
416 0 XIE19981206.0122 0
416 0 XIE19981214.0197 0
416 0 XIE19981216.0205 0
416 0 XIE19981225.0121 0
416 0 XIE19981230.0074 0
416 0 XIE19990212.0253 1
416 0 XIE19990301.0008 0
416 0 XIE19990302.0192 0
416 0 XIE19990304.0094 0
416 0 XIE19990306.0089 0
416 0 XIE19990307.0046 0
416 0 XIE19990307.0094 0
416 0 XIE19990311.0123 0
416 0 XIE19990316.0253 1
416 0 XIE19990322.0111 0
416 0 XIE19990412.0108 0
416 0 XIE19990415.0081 0
416 0 XIE19990418.0041 0
416 0 XIE19990511.0012 0
416 0 XIE19990523.0027 0
416 0 XIE19990523.0060 0
416 0 XIE19990523.0061 0
416 0 XIE19990527.0181 0
416 0 XIE19990527.0207 0
416 0 XIE19990604.0051 0
416 0 XIE19990604.0141 0
416 0 XIE19990607.0118 0
416 0 XIE19990607.0160 0
416 0 XIE19990615.0269 0
416 0 XIE19990617.0085 0
416 0 XIE19990617.0097 0
416 0 XIE19990624.0186 0
416 0 XIE19990629.0138 0
416 0 XIE19990703.0091 0
416 0 XIE19990704.0047 0
416 0 XIE19990718.0065 0
416 0 XIE19990721.0151 0
416 0 XIE19990721.0214 1
416 0 XIE19990726.0155 1
416 0 XIE19990729.0163 0
416 0 XIE19990803.0122 0
416 0 XIE19990809.0078 0
416 0 XIE19990825.0162 0
416 0 XIE19990831.0154 0
416 0 XIE19990831.0250 0
416 0 XIE19990831.0277 1
416 0 XIE19990909.0291 0
416 0 XIE19990910.0200 0
416 0 XIE19990914.0185 1
416 0 XIE19990915.0005 0
416 0 XIE19990915.0170 0
416 0 XIE19991001.0174 2
416 0 XIE19991009.0167 0
416 0 XIE19991009.0188 0
416 0 XIE19991021.0149 0
416 0 XIE19991021.0150 2
416 0 XIE19991025.0077 0
416 0 XIE19991026.0224 0
416 0 XIE19991103.0041 0
416 0 XIE19991105.0139 0
416 0 XIE19991114.0097 0
416 0 XIE19991127.0079 1
416 0 XIE19991201.0121 1
416 0 XIE19991205.0194 0
416 0 XIE20000111.0283 0
416 0 XIE20000119.0265 2
416 0 XIE20000126.0077 1
416 0 XIE20000127.0242 0
416 0 XIE20000212.0029 0
416 0 XIE20000216.0114 0
416 0 XIE20000219.0146 0
416 0 XIE20000312.0116 1
416 0 XIE20000329.0161 0
416 0 XIE20000329.0268 1
416 0 XIE20000331.0068 0
416 0 XIE20000404.0107 1
416 0 XIE20000410.0308 0
416 0 XIE20000413.0079 0
416 0 XIE20000420.0178 0
416 0 XIE20000421.0216 1
416 0 XIE20000501.0062 0
416 0 XIE20000503.0236 0
416 0 XIE20000518.0152 0
416 0 XIE20000519.0111 0
416 0 XIE20000523.0171 0
416 0 XIE20000524.0082 1
416 0 XIE20000524.0238 1
416 0 XIE20000524.0243 0
416 0 XIE20000601.0059 0
416 0 XIE20000601.0060 0
416 0 XIE20000605.0059 0
416 0 XIE20000605.0194 0
416 0 XIE20000605.0254 0
416 0 XIE20000606.0103 0
416 0 XIE20000606.0129 1
416 0 XIE20000607.0294 1
416 0 XIE20000608.0228 0
416 0 XIE20000610.0043 0
416 0 XIE20000617.0181 0
416 0 XIE20000618.0085 1
416 0 XIE20000619.0015 0
416 0 XIE20000621.0246 0
416 0 XIE20000621.0247 0
416 0 XIE20000622.0207 0
416 0 XIE20000629.0274 0
416 0 XIE20000705.0239 0
416 0 XIE20000710.0281 1
416 0 XIE20000711.0270 0
416 0 XIE20000714.0002 0
416 0 XIE20000726.0312 1
416 0 XIE20000807.0234 0
416 0 XIE20000811.0127 0
416 0 XIE20000813.0030 0
416 0 XIE20000814.0003 0
416 0 XIE20000814.0040 0
416 0 XIE20000814.0170 0
416 0 XIE20000817.0173 0
416 0 XIE20000823.0196 1
416 0 XIE20000827.0172 1
416 0 XIE20000827.0270 0
416 0 XIE20000828.0178 0
416 0 XIE20000830.0148 1
416 0 XIE20000909.0043 0
416 0 XIE20000910.0028 1
416 0 XIE20000914.0394 0
416 0 XIE20000917.0030 1
416 0 XIE20000919.0119 0
416 0 XIE20000920.0006 0
416 0 XIE20000922.0056 0
416 0 XIE20000930.0075 0