314 0 APW19980602.1201 0
314 0 APW19980602.1224 0
314 0 APW19980602.1331 1
314 0 APW19980603.0561 0
314 0 APW19980605.0838 0
314 0 APW19980605.0912 0
314 0 APW19980608.0030 0
314 0 APW19980610.0839 0
314 0 APW19980612.0617 0
314 0 APW19980614.0157 0
314 0 APW19980616.0801 0
314 0 APW19980617.1076 2
314 0 APW19980626.0414 0
314 0 APW19980630.0042 0
314 0 APW19980701.1213 0
314 0 APW19980701.1397 0
314 0 APW19980702.0033 0
314 0 APW19980730.0598 0
314 0 APW19980815.0108 0
314 0 APW19980821.0695 0
314 0 APW19980902.1131 0
314 0 APW19980902.1140 0
314 0 APW19980916.0026 0
314 0 APW19981003.0675 0
314 0 APW19981010.0187 0
314 0 APW19981015.0951 0
314 0 APW19981016.1231 0
314 0 APW19981021.0325 0
314 0 APW19981104.0052 0
314 0 APW19981115.0202 0
314 0 APW19981211.0211 0
314 0 APW19981222.0411 0
314 0 APW19990106.0054 0
314 0 APW19990126.0038 0
314 0 APW19990127.0237 0
314 0 APW19990127.0402 0
314 0 APW19990207.0034 0
314 0 APW19990207.0056 0
314 0 APW19990301.0236 0
314 0 APW19990320.0115 0
314 0 APW19990412.0247 1
314 0 APW19990505.0156 2
314 0 APW19990516.0068 0
314 0 APW19990608.0009 0
314 0 APW19990617.0293 0
314 0 APW19990628.0086 0
314 0 APW19990710.0059 0
314 0 APW19990714.0273 0
314 0 APW19990724.0197 0
314 0 APW19990805.0098 0
314 0 APW19990805.0345 0
314 0 APW19990826.0257 0
314 0 APW19990902.0071 0
314 0 APW19990902.0249 2
314 0 APW19990902.0252 2
314 0 APW19990905.0116 0
314 0 APW19990908.0020 0
314 0 APW19990909.0053 0
314 0 APW19991008.0007 0
314 0 APW19991008.0042 0
314 0 APW19991008.0051 0
314 0 APW19991026.0078 0
314 0 APW20000108.0200 0
314 0 APW20000108.0232 0
314 0 APW20000205.0104 0
314 0 APW20000209.0257 0
314 0 APW20000211.0056 0
314 0 APW20000213.0045 0
314 0 APW20000216.0033 0
314 0 APW20000219.0081 0
314 0 APW20000305.0068 2
314 0 APW20000309.0201 0
314 0 APW20000404.0176 0
314 0 APW20000407.0035 0
314 0 APW20000423.0019 0
314 0 APW20000430.0026 0
314 0 APW20000503.0204 0
314 0 APW20000518.0173 0
314 0 APW20000524.0091 0
314 0 APW20000526.0058 0
314 0 APW20000711.0083 0
314 0 APW20000720.0236 0
314 0 APW20000728.0151 0
314 0 APW20000729.0002 0
314 0 APW20000808.0133 0
314 0 APW20000818.0177 1
314 0 APW20000830.0162 0
314 0 APW20000915.0080 0
314 0 NYT19980602.0170 0
314 0 NYT19980602.0331 0
314 0 NYT19980609.0202 0
314 0 NYT19980609.0226 0
314 0 NYT19980610.0045 0
314 0 NYT19980610.0592 0
314 0 NYT19980619.0073 0
314 0 NYT19980622.0265 0
314 0 NYT19980626.0192 0
314 0 NYT19980627.0120 0
314 0 NYT19980701.0262 0
314 0 NYT19980702.0071 0
314 0 NYT19980703.0108 0
314 0 NYT19980707.0034 0
314 0 NYT19980707.0177 0
314 0 NYT19980708.0133 0
314 0 NYT19980708.0169 0
314 0 NYT19980708.0174 0
314 0 NYT19980709.0157 0
314 0 NYT19980709.0160 0
314 0 NYT19980709.0414 0
314 0 NYT19980709.0478 0
314 0 NYT19980710.0195 0
314 0 NYT19980714.0160 0
314 0 NYT19980722.0164 0
314 0 NYT19980722.0195 0
314 0 NYT19980722.0381 0
314 0 NYT19980722.0441 0
314 0 NYT19980727.0361 0
314 0 NYT19980730.0184 0
314 0 NYT19980802.0044 0
314 0 NYT19980805.0040 0
314 0 NYT19980805.0211 0
314 0 NYT19980810.0132 0
314 0 NYT19980810.0253 0
314 0 NYT19980811.0189 1
314 0 NYT19980811.0190 1
314 0 NYT19980812.0242 0
314 0 NYT19980819.0291 0
314 0 NYT19980820.0184 0
314 0 NYT19980821.0253 0
314 0 NYT19980821.0384 0
314 0 NYT19980822.0098 0
314 0 NYT19980830.0144 0
314 0 NYT19980831.0121 0
314 0 NYT19980901.0154 0
314 0 NYT19980901.0165 0
314 0 NYT19980908.0155 0
314 0 NYT19980909.0189 0
314 0 NYT19980921.0187 0
314 0 NYT19980921.0188 0
314 0 NYT19980922.0106 0
314 0 NYT19980922.0107 0
314 0 NYT19980925.0131 0
314 0 NYT19980925.0132 0
314 0 NYT19980925.0135 0
314 0 NYT19980925.0136 0
314 0 NYT19980925.0212 0
314 0 NYT19980929.0142 0
314 0 NYT19980929.0172 0
314 0 NYT19981007.0141 0
314 0 NYT19981008.0051 0
314 0 NYT19981023.0051 0
314 0 NYT19981025.0123 0
314 0 NYT19981025.0161 0
314 0 NYT19981029.0039 0
314 0 NYT19981029.0136 0
314 0 NYT19981102.0224 0
314 0 NYT19981103.0250 0
314 0 NYT19981104.0224 0
314 0 NYT19981118.0327 0
314 0 NYT19981129.0030 0
314 0 NYT19981202.0105 0
314 0 NYT19981202.0258 0
314 0 NYT19981222.0126 0
314 0 NYT19981222.0132 0
314 0 NYT19981229.0050 0
314 0 NYT19981229.0052 0
314 0 NYT19990104.0215 0
314 0 NYT19990105.0152 1
314 0 NYT19990105.0346 0
314 0 NYT19990106.0142 0
314 0 NYT19990113.0407 0
314 0 NYT19990118.0033 0
314 0 NYT19990118.0225 0
314 0 NYT19990118.0226 0
314 0 NYT19990119.0157 1
314 0 NYT19990122.0320 0
314 0 NYT19990125.0489 0
314 0 NYT19990127.0050 0
314 0 NYT19990128.0053 0
314 0 NYT19990205.0214 0
314 0 NYT19990206.0142 0
314 0 NYT19990208.0193 0
314 0 NYT19990210.0261 0
314 0 NYT19990212.0166 0
314 0 NYT19990216.0129 0
314 0 NYT19990217.0178 0
314 0 NYT19990217.0179 0
314 0 NYT19990218.0210 0
314 0 NYT19990219.0348 0
314 0 NYT19990223.0166 0
314 0 NYT19990223.0187 0
314 0 NYT19990224.0196 0
314 0 NYT19990224.0208 0
314 0 NYT19990224.0363 0
314 0 NYT19990224.0478 0
314 0 NYT19990225.0272 0
314 0 NYT19990225.0275 0
314 0 NYT19990226.0083 0
314 0 NYT19990226.0084 0
314 0 NYT19990226.0265 0
314 0 NYT19990226.0268 0
314 0 NYT19990226.0343 0
314 0 NYT19990302.0113 0
314 0 NYT19990302.0127 0
314 0 NYT19990302.0239 0
314 0 NYT19990302.0389 0
314 0 NYT19990303.0088 0
314 0 NYT19990303.0296 0
314 0 NYT19990303.0344 0
314 0 NYT19990305.0219 0
314 0 NYT19990312.0291 1
314 0 NYT19990312.0292 1
314 0 NYT19990313.0079 0
314 0 NYT19990315.0315 0
314 0 NYT19990316.0096 0
314 0 NYT19990318.0029 0
314 0 NYT19990323.0060 0
314 0 NYT19990324.0077 0
314 0 NYT19990325.0312 0
314 0 NYT19990325.0313 0
314 0 NYT19990330.0106 2
314 0 NYT19990330.0132 0
314 0 NYT19990331.0146 0
314 0 NYT19990331.0147 0
314 0 NYT19990331.0172 0
314 0 NYT19990331.0310 0
314 0 NYT19990401.0076 0
314 0 NYT19990406.0092 0
314 0 NYT19990406.0094 0
314 0 NYT19990406.0097 0
314 0 NYT19990406.0098 0
314 0 NYT19990407.0241 0
314 0 NYT19990413.0156 0
314 0 NYT19990413.0196 0
314 0 NYT19990413.0205 0
314 0 NYT19990414.0261 0
314 0 NYT19990415.0145 0
314 0 NYT19990420.0182 0
314 0 NYT19990421.0107 0
314 0 NYT19990427.0233 0
314 0 NYT19990430.0045 0
314 0 NYT19990503.0303 0
314 0 NYT19990503.0381 0
314 0 NYT19990526.0070 0
314 0 NYT19990526.0119 0
314 0 NYT19990526.0147 0
314 0 NYT19990526.0325 0
314 0 NYT19990531.0167 0
314 0 NYT19990531.0187 0
314 0 NYT19990601.0054 0
314 0 NYT19990602.0066 0
314 0 NYT19990603.0136 0
314 0 NYT19990604.0062 0
314 0 NYT19990607.0382 0
314 0 NYT19990608.0169 0
314 0 NYT19990608.0312 0
314 0 NYT19990608.0322 0
314 0 NYT19990608.0327 0
314 0 NYT19990609.0062 0
314 0 NYT19990609.0237 0
314 0 NYT19990609.0363 0
314 0 NYT19990609.0406 0
314 0 NYT19990611.0367 0
314 0 NYT19990611.0371 0
314 0 NYT19990612.0167 0
314 0 NYT19990613.0139 0
314 0 NYT19990615.0132 0
314 0 NYT19990616.0128 0
314 0 NYT19990616.0191 0
314 0 NYT19990616.0369 0
314 0 NYT19990618.0314 1
314 0 NYT19990618.0334 0
314 0 NYT19990622.0184 0
314 0 NYT19990623.0403 0
314 0 NYT19990623.0467 0
314 0 NYT19990624.0116 0
314 0 NYT19990625.0055 0
314 0 NYT19990625.0154 0
314 0 NYT19990628.0141 0
314 0 NYT19990628.0149 0
314 0 NYT19990701.0163 0
314 0 NYT19990705.0267 0
314 0 NYT19990707.0088 0
314 0 NYT19990710.0190 0
314 0 NYT19990712.0194 0
314 0 NYT19990713.0256 0
314 0 NYT19990714.0227 0
314 0 NYT19990714.0238 0
314 0 NYT19990715.0520 0
314 0 NYT19990715.0521 0
314 0 NYT19990719.0338 0
314 0 NYT19990720.0150 0
314 0 NYT19990720.0152 0
314 0 NYT19990721.0186 0
314 0 NYT19990722.0012 0
314 0 NYT19990723.0280 0
314 0 NYT19990724.0001 0
314 0 NYT19990725.0037 0
314 0 NYT19990727.0159 1
314 0 NYT19990727.0162 0
314 0 NYT19990728.0267 0
314 0 NYT19990728.0314 0
314 0 NYT19990728.0363 0
314 0 NYT19990803.0229 0
314 0 NYT19990804.0192 0
314 0 NYT19990804.0233 1
314 0 NYT19990804.0460 0
314 0 NYT19990810.0174 0
314 0 NYT19990810.0244 0
314 0 NYT19990811.0132 0
314 0 NYT19990811.0241 0
314 0 NYT19990811.0277 0
314 0 NYT19990811.0320 0
314 0 NYT19990813.0170 0
314 0 NYT19990813.0173 0
314 0 NYT19990816.0110 0
314 0 NYT19990817.0063 0
314 0 NYT19990817.0217 0
314 0 NYT19990817.0218 0
314 0 NYT19990817.0249 0
314 0 NYT19990818.0263 0
314 0 NYT19990819.0074 0
314 0 NYT19990823.0280 0
314 0 NYT19990824.0402 0
314 0 NYT19990825.0121 0
314 0 NYT19990826.0198 0
314 0 NYT19990827.0268 0
314 0 NYT19990830.0215 0
314 0 NYT19990830.0220 0
314 0 NYT19990830.0302 1
314 0 NYT19990831.0336 0
314 0 NYT19990901.0096 0
314 0 NYT19990901.0101 0
314 0 NYT19990901.0140 0
314 0 NYT19990903.0103 0
314 0 NYT19990906.0244 0
314 0 NYT19990906.0246 0
314 0 NYT19990907.0187 0
314 0 NYT19990907.0310 0
314 0 NYT19990909.0137 0
314 0 NYT19990913.0233 0
314 0 NYT19990914.0141 0
314 0 NYT19990914.0152 0
314 0 NYT19990915.0109 0
314 0 NYT19990915.0114 0
314 0 NYT19990916.0345 0
314 0 NYT19990916.0362 0
314 0 NYT19990921.0192 0
314 0 NYT19990922.0115 0
314 0 NYT19990924.0331 0
314 0 NYT19990927.0483 0
314 0 NYT19990928.0121 0
314 0 NYT19990928.0143 0
314 0 NYT19990928.0281 0
314 0 NYT19990929.0151 0
314 0 NYT19991003.0447 0
314 0 NYT19991003.0836 0
314 0 NYT19991012.0104 0
314 0 NYT19991012.0189 0
314 0 NYT19991013.0092 0
314 0 NYT19991017.0185 0
314 0 NYT19991018.0316 0
314 0 NYT19991018.0339 0
314 0 NYT19991020.0190 0
314 0 NYT19991025.0445 0
314 0 NYT19991025.0453 0
314 0 NYT19991027.0087 0
314 0 NYT19991027.0089 1
314 0 NYT19991027.0155 0
314 0 NYT19991028.0175 0
314 0 NYT19991028.0187 0
314 0 NYT19991028.0227 0
314 0 NYT19991101.0134 0
314 0 NYT19991102.0166 0
314 0 NYT19991102.0302 0
314 0 NYT19991108.0188 0
314 0 NYT19991110.0232 1
314 0 NYT19991110.0402 0
314 0 NYT19991116.0162 0
314 0 NYT19991116.0230 1
314 0 NYT19991116.0398 1
314 0 NYT19991117.0376 1
314 0 NYT19991118.0154 0
314 0 NYT19991118.0335 2
314 0 NYT19991122.0182 0
314 0 NYT19991122.0289 0
314 0 NYT19991122.0299 0
314 0 NYT19991124.0353 0
314 0 NYT19991124.0357 0
314 0 NYT19991125.0050 0
314 0 NYT19991125.0131 1
314 0 NYT19991126.0074 0
314 0 NYT19991129.0266 0
314 0 NYT19991206.0002 0
314 0 NYT19991207.0076 0
314 0 NYT19991207.0146 1
314 0 NYT19991208.0058 0
314 0 NYT19991208.0062 0
314 0 NYT19991208.0063 0
314 0 NYT19991208.0092 0
314 0 NYT19991210.0196 0
314 0 NYT19991213.0285 0
314 0 NYT19991214.0085 0
314 0 NYT19991216.0174 0
314 0 NYT19991216.0178 0
314 0 NYT19991227.0425 0
314 0 NYT20000101.0021 0
314 0 NYT20000101.0022 0
314 0 NYT20000104.0091 0
314 0 NYT20000104.0092 0
314 0 NYT20000104.0106 1
314 0 NYT20000105.0112 0
314 0 NYT20000105.0195 0
314 0 NYT20000105.0396 0
314 0 NYT20000107.0050 0
314 0 NYT20000110.0243 0
314 0 NYT20000118.0109 0
314 0 NYT20000118.0124 0
314 0 NYT20000118.0126 0
314 0 NYT20000118.0134 0
314 0 NYT20000118.0137 0
314 0 NYT20000118.0177 0
314 0 NYT20000119.0142 0
314 0 NYT20000119.0341 0
314 0 NYT20000124.0137 0
314 0 NYT20000126.0099 0
314 0 NYT20000201.0230 0
314 0 NYT20000208.0145 0
314 0 NYT20000208.0174 0
314 0 NYT20000210.0331 0
314 0 NYT20000214.0174 0
314 0 NYT20000214.0175 0
314 0 NYT20000214.0178 0
314 0 NYT20000214.0179 0
314 0 NYT20000215.0179 0
314 0 NYT20000216.0136 0
314 0 NYT20000216.0137 0
314 0 NYT20000216.0141 0
314 0 NYT20000216.0142 0
314 0 NYT20000216.0206 0
314 0 NYT20000222.0209 0
314 0 NYT20000222.0220 0
314 0 NYT20000223.0055 0
314 0 NYT20000223.0072 0
314 0 NYT20000302.0159 0
314 0 NYT20000304.0113 0
314 0 NYT20000307.0164 0
314 0 NYT20000307.0166 0
314 0 NYT20000321.0014 0
314 0 NYT20000321.0224 1
314 0 NYT20000330.0352 0
314 0 NYT20000404.0210 0
314 0 NYT20000419.0042 0
314 0 NYT20000426.0204 0
314 0 NYT20000427.0084 0
314 0 NYT20000502.0115 0
314 0 NYT20000503.0228 0
314 0 NYT20000508.0221 0
314 0 NYT20000509.0103 0
314 0 NYT20000515.0230 0
314 0 NYT20000515.0303 0
314 0 NYT20000524.0188 0
314 0 NYT20000524.0361 0
314 0 NYT20000526.0313 0
314 0 NYT20000529.0128 0
314 0 NYT20000530.0126 0
314 0 NYT20000531.0080 0
314 0 NYT20000601.0018 0
314 0 NYT20000601.0019 0
314 0 NYT20000603.0083 0
314 0 NYT20000611.0170 0
314 0 NYT20000612.0158 0
314 0 NYT20000612.1061 0
314 0 NYT20000612.1198 0
314 0 NYT20000620.0190 1
314 0 NYT20000621.0048 0
314 0 NYT20000621.0051 0
314 0 NYT20000621.0145 0
314 0 NYT20000621.0363 0
314 0 NYT20000622.0085 0
314 0 NYT20000623.0210 0
314 0 NYT20000701.0075 0
314 0 NYT20000701.0076 0
314 0 NYT20000701.0208 0
314 0 NYT20000702.0003 0
314 0 NYT20000703.0231 0
314 0 NYT20000703.0321 0
314 0 NYT20000703.0322 0
314 0 NYT20000704.0052 0
314 0 NYT20000704.0056 0
314 0 NYT20000704.0057 0
314 0 NYT20000704.0058 0
314 0 NYT20000704.0095 0
314 0 NYT20000705.0237 0
314 0 NYT20000705.0240 0
314 0 NYT20000705.0321 1
314 0 NYT20000706.0013 0
314 0 NYT20000713.0097 0
314 0 NYT20000713.0140 0
314 0 NYT20000717.0173 0
314 0 NYT20000719.0275 0
314 0 NYT20000719.0327 1
314 0 NYT20000719.0329 1
314 0 NYT20000724.0295 0
314 0 NYT20000727.0274 0
314 0 NYT20000801.0108 0
314 0 NYT20000807.0098 0
314 0 NYT20000807.0099 0
314 0 NYT20000808.0164 0
314 0 NYT20000809.0169 0
314 0 NYT20000809.0184 0
314 0 NYT20000811.0241 0
314 0 NYT20000815.0227 0
314 0 NYT20000817.0144 0
314 0 NYT20000823.0115 0
314 0 NYT20000823.0377 0
314 0 NYT20000825.0258 0
314 0 NYT20000825.0319 0
314 0 NYT20000828.0294 0
314 0 NYT20000829.0332 1
314 0 NYT20000830.0143 0
314 0 NYT20000908.0237 1
314 0 NYT20000919.0034 0
314 0 NYT20000925.0205 0
314 0 NYT20000927.0092 1
314 0 XIE19960110.0301 0
314 0 XIE19960112.0221 0
314 0 XIE19960117.0283 0
314 0 XIE19960118.0276 0
314 0 XIE19960123.0229 0
314 0 XIE19960125.0224 0
314 0 XIE19960131.0159 0
314 0 XIE19960201.0238 1
314 0 XIE19960219.0095 1
314 0 XIE19960226.0203 0
314 0 XIE19960227.0124 0
314 0 XIE19960307.0181 0
314 0 XIE19960317.0151 1
314 0 XIE19960321.0168 0
314 0 XIE19960322.0036 0
314 0 XIE19960326.0073 1
314 0 XIE19960326.0122 0
314 0 XIE19960327.0140 0
314 0 XIE19960331.0055 1
314 0 XIE19960408.0149 0
314 0 XIE19960409.0139 0
314 0 XIE19960411.0126 1
314 0 XIE19960412.0074 0
314 0 XIE19960421.0080 0
314 0 XIE19960427.0096 0
314 0 XIE19960429.0219 1
314 0 XIE19960504.0067 0
314 0 XIE19960512.0027 0
314 0 XIE19960517.0076 0
314 0 XIE19960520.0198 0
314 0 XIE19960522.0227 0
314 0 XIE19960522.0228 0
314 0 XIE19960529.0213 0
314 0 XIE19960529.0262 0
314 0 XIE19960602.0048 0
314 0 XIE19960602.0135 0
314 0 XIE19960605.0135 0
314 0 XIE19960607.0029 0
314 0 XIE19960607.0238 0
314 0 XIE19960608.0043 0
314 0 XIE19960608.0130 0
314 0 XIE19960608.0161 0
314 0 XIE19960618.0248 0
314 0 XIE19960625.0204 1
314 0 XIE19960626.0151 1
314 0 XIE19960627.0059 0
314 0 XIE19960627.0159 0
314 0 XIE19960628.0289 0
314 0 XIE19960702.0101 0
314 0 XIE19960704.0165 1
314 0 XIE19960705.0131 0
314 0 XIE19960712.0148 0
314 0 XIE19960803.0175 1
314 0 XIE19960805.0115 0
314 0 XIE19960806.0149 1
314 0 XIE19960806.0172 0
314 0 XIE19960807.0023 0
314 0 XIE19960811.0016 0
314 0 XIE19960816.0218 0
314 0 XIE19960818.0141 0
314 0 XIE19960820.0226 0
314 0 XIE19960827.0292 0
314 0 XIE19960830.0163 1
314 0 XIE19960831.0067 0
314 0 XIE19960905.0259 0
314 0 XIE19960910.0190 0
314 0 XIE19960926.0143 0
314 0 XIE19960926.0208 1
314 0 XIE19961010.0105 0
314 0 XIE19961011.0141 0
314 0 XIE19961017.0192 0
314 0 XIE19961020.0149 0
314 0 XIE19961024.0283 0
314 0 XIE19961024.0291 0
314 0 XIE19961024.0292 0
314 0 XIE19961024.0325 0
314 0 XIE19961027.0059 0
314 0 XIE19961028.0077 0
314 0 XIE19961031.0283 0
314 0 XIE19961104.0071 0
314 0 XIE19961107.0276 0
314 0 XIE19961112.0212 0
314 0 XIE19961113.0113 0
314 0 XIE19961113.0190 0
314 0 XIE19961114.0254 0
314 0 XIE19961116.0109 0
314 0 XIE19961117.0034 1
314 0 XIE19961117.0035 1
314 0 XIE19961124.0157 0
314 0 XIE19961127.0103 0
314 0 XIE19961128.0066 1
314 0 XIE19961205.0219 0
314 0 XIE19961210.0240 0
314 0 XIE19961212.0197 0
314 0 XIE19961228.0047 0
314 0 XIE19970108.0125 0
314 0 XIE19970110.0222 0
314 0 XIE19970119.0116 1
314 0 XIE19970206.0198 0
314 0 XIE19970207.0147 0
314 0 XIE19970214.0164 1
314 0 XIE19970220.0164 0
314 0 XIE19970301.0278 0
314 0 XIE19970302.0133 0
314 0 XIE19970303.0195 0
314 0 XIE19970317.0109 0
314 0 XIE19970320.0131 0
314 0 XIE19970321.0091 1
314 0 XIE19970321.0108 0
314 0 XIE19970329.0085 0
314 0 XIE19970330.0165 0
314 0 XIE19970404.0074 1
314 0 XIE19970414.0052 0
314 0 XIE19970415.0029 0
314 0 XIE19970417.0172 0
314 0 XIE19970422.0189 0
314 0 XIE19970508.0079 0
314 0 XIE19970509.0210 0
314 0 XIE19970510.0148 1
314 0 XIE19970512.0081 1
314 0 XIE19970513.0108 0
314 0 XIE19970513.0224 0
314 0 XIE19970516.0199 0
314 0 XIE19970603.0138 0
314 0 XIE19970605.0170 0
314 0 XIE19970622.0019 0
314 0 XIE19970624.0203 0
314 0 XIE19970625.0082 0
314 0 XIE19970625.0120 0
314 0 XIE19970704.0132 0
314 0 XIE19970704.0219 0
314 0 XIE19970710.0162 1
314 0 XIE19970710.0220 0
314 0 XIE19970726.0164 0
314 0 XIE19970808.0226 0
314 0 XIE19970809.0080 0
314 0 XIE19970812.0094 0
314 0 XIE19970818.0099 1
314 0 XIE19970902.0185 0
314 0 XIE19970917.0020 0
314 0 XIE19970925.0115 0
314 0 XIE19971004.0039 0
314 0 XIE19971004.0131 1
314 0 XIE19971007.0148 0
314 0 XIE19971017.0285 0
314 0 XIE19971023.0255 1
314 0 XIE19971027.0138 0
314 0 XIE19971030.0258 0
314 0 XIE19971102.0122 0
314 0 XIE19971105.0203 1
314 0 XIE19971130.0095 1
314 0 XIE19971203.0198 0
314 0 XIE19971216.0232 0
314 0 XIE19971217.0153 0
314 0 XIE19971217.0215 0
314 0 XIE19971218.0329 0
314 0 XIE19971219.0318 0
314 0 XIE19971231.0174 0
314 0 XIE19971231.0208 0
314 0 XIE19980106.0219 0
314 0 XIE19980113.0341 0
314 0 XIE19980115.0245 0
314 0 XIE19980120.0188 0
314 0 XIE19980122.0187 0
314 0 XIE19980123.0202 1
314 0 XIE19980129.0075 0
314 0 XIE19980206.0231 0
314 0 XIE19980209.0208 0
314 0 XIE19980211.0144 0
314 0 XIE19980218.0238 0
314 0 XIE19980219.0106 0
314 0 XIE19980222.0081 0
314 0 XIE19980227.0224 0
314 0 XIE19980301.0059 0
314 0 XIE19980307.0138 0
314 0 XIE19980308.0129 0
314 0 XIE19980309.0225 1
314 0 XIE19980310.0192 0
314 0 XIE19980310.0270 0
314 0 XIE19980316.0196 1
314 0 XIE19980318.0245 0
314 0 XIE19980321.0027 0
314 0 XIE19980325.0052 0
314 0 XIE19980329.0141 0
314 0 XIE19980331.0210 0
314 0 XIE19980331.0254 0
314 0 XIE19980331.0276 0
314 0 XIE19980402.0261 0
314 0 XIE19980402.0286 0
314 0 XIE19980408.0152 0
314 0 XIE19980413.0156 0
314 0 XIE19980413.0176 0
314 0 XIE19980416.0287 0
314 0 XIE19980417.0124 0
314 0 XIE19980417.0215 0
314 0 XIE19980420.0117 0
314 0 XIE19980421.0186 1
314 0 XIE19980424.0040 1
314 0 XIE19980429.0101 0
314 0 XIE19980430.0181 0
314 0 XIE19980508.0182 0
314 0 XIE19980510.0114 0
314 0 XIE19980514.0286 0
314 0 XIE19980515.0240 0
314 0 XIE19980521.0149 0
314 0 XIE19980521.0239 0
314 0 XIE19980522.0221 0
314 0 XIE19980527.0011 0
314 0 XIE19980527.0181 0
314 0 XIE19980527.0213 0
314 0 XIE19980528.0223 0
314 0 XIE19980528.0237 0
314 0 XIE19980528.0242 0
314 0 XIE19980528.0243 0
314 0 XIE19980528.0244 0
314 0 XIE19980528.0246 0
314 0 XIE19980528.0247 0
314 0 XIE19980528.0249 0
314 0 XIE19980528.0250 0
314 0 XIE19980528.0251 0
314 0 XIE19980528.0252 0
314 0 XIE19980528.0254 0
314 0 XIE19980528.0255 0
314 0 XIE19980528.0256 0
314 0 XIE19980528.0298 0
314 0 XIE19980528.0299 0
314 0 XIE19980528.0304 0
314 0 XIE19980528.0305 0
314 0 XIE19980528.0309 0
314 0 XIE19980528.0312 0
314 0 XIE19980528.0315 0
314 0 XIE19980528.0317 0
314 0 XIE19980528.0323 0
314 0 XIE19980528.0324 0
314 0 XIE19980528.0326 0
314 0 XIE19980603.0241 0
314 0 XIE19980605.0031 0
314 0 XIE19980605.0070 0
314 0 XIE19980607.0042 0
314 0 XIE19980615.0228 1
314 0 XIE19980616.0216 0
314 0 XIE19980618.0115 0
314 0 XIE19980619.0208 0
314 0 XIE19980619.0252 0
314 0 XIE19980621.0049 0
314 0 XIE19980621.0177 1
314 0 XIE19980621.0184 1
314 0 XIE19980627.0254 0
314 0 XIE19980627.0256 0
314 0 XIE19980701.0159 0
314 0 XIE19980710.0018 0
314 0 XIE19980714.0082 0
314 0 XIE19980716.0177 0
314 0 XIE19980720.0148 0
314 0 XIE19980720.0240 0
314 0 XIE19980725.0137 1
314 0 XIE19980729.0230 0
314 0 XIE19980731.0076 0
314 0 XIE19980805.0200 0
314 0 XIE19980806.0324 0
314 0 XIE19980807.0097 0
314 0 XIE19980807.0184 0
314 0 XIE19980817.0152 0
314 0 XIE19980829.0138 0
314 0 XIE19980906.0063 0
314 0 XIE19980911.0244 0
314 0 XIE19980912.0171 0
314 0 XIE19980914.0099 0
314 0 XIE19980916.0249 0
314 0 XIE19980916.0309 0
314 0 XIE19980919.0076 0
314 0 XIE19980922.0287 0
314 0 XIE19980926.0195 0
314 0 XIE19980929.0261 0
314 0 XIE19981012.0216 0
314 0 XIE19981016.0135 0
314 0 XIE19981021.0293 0
314 0 XIE19981030.0029 0
314 0 XIE19981103.0185 0
314 0 XIE19981106.0085 0
314 0 XIE19981106.0188 0
314 0 XIE19981112.0217 0
314 0 XIE19981113.0272 0
314 0 XIE19981119.0205 0
314 0 XIE19981119.0207 0
314 0 XIE19981123.0259 0
314 0 XIE19981127.0208 0
314 0 XIE19981127.0234 0
314 0 XIE19981202.0087 0
314 0 XIE19981206.0073 0
314 0 XIE19981208.0091 0
314 0 XIE19981215.0234 0
314 0 XIE19981215.0273 0
314 0 XIE19981216.0265 0
314 0 XIE19981216.0293 0
314 0 XIE19981223.0169 0
314 0 XIE19981223.0221 0
314 0 XIE19981223.0238 0
314 0 XIE19981225.0049 0
314 0 XIE19981231.0186 0
314 0 XIE19990108.0196 0
314 0 XIE19990109.0245 0
314 0 XIE19990112.0213 0
314 0 XIE19990115.0116 0
314 0 XIE19990125.0217 0
314 0 XIE19990126.0326 0
314 0 XIE19990201.0210 0
314 0 XIE19990223.0230 0
314 0 XIE19990227.0139 0
314 0 XIE19990302.0244 0
314 0 XIE19990309.0123 0
314 0 XIE19990311.0211 0
314 0 XIE19990312.0096 0
314 0 XIE19990317.0324 0
314 0 XIE19990326.0186 0
314 0 XIE19990404.0031 0
314 0 XIE19990405.0146 0
314 0 XIE19990406.0156 0
314 0 XIE19990414.0305 0
314 0 XIE19990416.0201 0
314 0 XIE19990424.0038 0
314 0 XIE19990424.0219 0
314 0 XIE19990518.0240 0
314 0 XIE19990518.0327 0
314 0 XIE19990520.0142 0
314 0 XIE19990521.0262 0
314 0 XIE19990523.0072 0
314 0 XIE19990605.0202 0
314 0 XIE19990617.0262 0
314 0 XIE19990622.0259 0
314 0 XIE19990703.0133 0
314 0 XIE19990704.0160 0
314 0 XIE19990710.0095 0
314 0 XIE19990715.0190 0
314 0 XIE19990719.0212 0
314 0 XIE19990720.0276 0
314 0 XIE19990730.0216 0
314 0 XIE19990801.0095 0
314 0 XIE19990806.0089 0
314 0 XIE19990807.0090 0
314 0 XIE19990807.0230 0
314 0 XIE19990825.0277 0
314 0 XIE19990908.0211 0
314 0 XIE19990919.0112 0
314 0 XIE19991005.0126 0
314 0 XIE19991014.0101 0
314 0 XIE19991015.0096 0
314 0 XIE19991015.0132 0
314 0 XIE19991015.0185 0
314 0 XIE19991016.0195 0
314 0 XIE19991016.0197 0
314 0 XIE19991020.0296 0
314 0 XIE19991026.0207 0
314 0 XIE19991027.0185 0
314 0 XIE19991104.0309 0
314 0 XIE19991109.0262 0
314 0 XIE19991110.0331 0
314 0 XIE19991116.0316 0
314 0 XIE19991129.0096 0
314 0 XIE19991207.0221 0
314 0 XIE19991215.0202 0
314 0 XIE19991224.0069 0
314 0 XIE19991229.0274 0
314 0 XIE20000102.0043 0
314 0 XIE20000123.0055 0
314 0 XIE20000128.0052 0
314 0 XIE20000128.0053 0
314 0 XIE20000206.0033 0
314 0 XIE20000217.0081 0
314 0 XIE20000217.0312 0
314 0 XIE20000218.0011 0
314 0 XIE20000218.0231 0
314 0 XIE20000224.0307 0
314 0 XIE20000304.0101 0
314 0 XIE20000307.0308 0
314 0 XIE20000316.0199 0
314 0 XIE20000322.0059 0
314 0 XIE20000329.0272 0
314 0 XIE20000331.0076 0
314 0 XIE20000331.0077 0
314 0 XIE20000331.0155 0
314 0 XIE20000401.0077 0
314 0 XIE20000401.0078 0
314 0 XIE20000401.0170 0
314 0 XIE20000412.0046 0
314 0 XIE20000412.0168 0
314 0 XIE20000413.0129 0
314 0 XIE20000420.0120 0
314 0 XIE20000421.0134 0
314 0 XIE20000424.0169 0
314 0 XIE20000430.0120 0
314 0 XIE20000502.0122 0
314 0 XIE20000502.0172 0
314 0 XIE20000503.0289 0
314 0 XIE20000514.0187 0
314 0 XIE20000515.0217 0
314 0 XIE20000515.0268 0
314 0 XIE20000517.0333 0
314 0 XIE20000518.0133 0
314 0 XIE20000518.0171 0
314 0 XIE20000518.0172 0
314 0 XIE20000518.0173 0
314 0 XIE20000518.0212 0
314 0 XIE20000519.0111 0
314 0 XIE20000520.0177 0
314 0 XIE20000522.0078 0
314 0 XIE20000522.0237 0
314 0 XIE20000523.0129 0
314 0 XIE20000523.0233 0
314 0 XIE20000523.0319 0
314 0 XIE20000526.0207 0
314 0 XIE20000526.0256 0
314 0 XIE20000529.0013 0
314 0 XIE20000529.0284 0
314 0 XIE20000602.0214 0
314 0 XIE20000605.0047 0
314 0 XIE20000609.0255 0
314 0 XIE20000613.0038 0
314 0 XIE20000617.0181 0
314 0 XIE20000621.0248 0
314 0 XIE20000708.0002 0
314 0 XIE20000708.0105 1
314 0 XIE20000709.0052 0
314 0 XIE20000713.0136 0
314 0 XIE20000717.0071 0
314 0 XIE20000719.0357 0
314 0 XIE20000724.0249 0
314 0 XIE20000726.0357 0
314 0 XIE20000729.0055 0
314 0 XIE20000729.0056 0
314 0 XIE20000730.0067 0
314 0 XIE20000731.0122 0
314 0 XIE20000731.0184 0
314 0 XIE20000731.0204 0
314 0 XIE20000801.0181 0
314 0 XIE20000806.0137 0
314 0 XIE20000806.0164 0
314 0 XIE20000810.0230 0
314 0 XIE20000811.0138 1
314 0 XIE20000811.0218 0
314 0 XIE20000816.0199 0
314 0 XIE20000830.0115 0
314 0 XIE20000906.0117 0
314 0 XIE20000909.0051 0
314 0 XIE20000909.0091 0
314 0 XIE20000926.0371 0