408 0 APW19980610.0079 2
408 0 APW19980610.0150 2
408 0 APW19980610.0511 2
408 0 APW19980611.0031 2
408 0 APW19980611.0061 2
408 0 APW19980615.0256 2
408 0 APW19980615.1362 0
408 0 APW19980618.0048 2
408 0 APW19980703.0368 0
408 0 APW19980703.0721 0
408 0 APW19980708.0628 0
408 0 APW19980712.0658 0
408 0 APW19980717.0839 0
408 0 APW19980717.0895 0
408 0 APW19980717.1298 0
408 0 APW19980718.0009 0
408 0 APW19980718.0433 0
408 0 APW19980718.0630 0
408 0 APW19980718.0683 0
408 0 APW19980729.0790 0
408 0 APW19980730.0825 0
408 0 APW19980731.0369 0
408 0 APW19980731.0774 0
408 0 APW19980731.0870 0
408 0 APW19980731.1048 0
408 0 APW19980801.0019 0
408 0 APW19980801.0590 0
408 0 APW19980801.0599 0
408 0 APW19980801.0670 0
408 0 APW19980801.0866 0
408 0 APW19980816.0430 0
408 0 APW19980816.0686 0
408 0 APW19980820.0535 0
408 0 APW19980820.0747 0
408 0 APW19980820.1163 0
408 0 APW19980820.1191 0
408 0 APW19980821.0597 0
408 0 APW19980821.0726 0
408 0 APW19980822.0106 0
408 0 APW19980822.0337 0
408 0 APW19980822.0515 0
408 0 APW19980822.0758 0
408 0 APW19980824.0988 0
408 0 APW19980825.1220 0
408 0 APW19980830.0241 0
408 0 APW19980902.0452 0
408 0 APW19980918.0838 0
408 0 APW19980918.0859 0
408 0 APW19980919.0474 0
408 0 APW19980920.0315 0
408 0 APW19980921.0077 0
408 0 APW19980921.1265 2
408 0 APW19980922.0024 2
408 0 APW19980922.0402 2
408 0 APW19980922.0709 2
408 0 APW19980922.0712 2
408 0 APW19980922.0906 2
408 0 APW19980922.0999 2
408 0 APW19980922.1037 2
408 0 APW19980922.1091 2
408 0 APW19980922.1274 2
408 0 APW19980923.0003 2
408 0 APW19980923.1250 2
408 0 APW19980923.1267 2
408 0 APW19980923.1349 2
408 0 APW19980924.0013 2
408 0 APW19980924.0108 2
408 0 APW19980924.0324 2
408 0 APW19980925.0693 2
408 0 APW19980925.0905 2
408 0 APW19980928.0091 2
408 0 APW19981008.0331 0
408 0 APW19981013.0232 0
408 0 APW19981014.0260 2
408 0 APW19981015.0027 2
408 0 APW19981015.1038 2
408 0 APW19981015.1044 2
408 0 APW19981015.1062 2
408 0 APW19981016.0049 1
408 0 APW19981016.0167 0
408 0 APW19981016.0215 1
408 0 APW19981016.0405 2
408 0 APW19981016.0509 1
408 0 APW19981017.0909 2
408 0 APW19981018.0029 2
408 0 APW19981018.0298 2
408 0 APW19981019.0092 2
408 0 APW19981021.1383 0
408 0 APW19981022.0003 2
408 0 APW19981022.0621 0
408 0 APW19981022.0770 0
408 0 APW19981023.0039 0
408 0 APW19981023.1366 1
408 0 APW19981025.0704 1
408 0 APW19981025.0922 2
408 0 APW19981025.1046 2
408 0 APW19981026.0054 2
408 0 APW19981026.0088 0
408 0 APW19981026.0612 1
408 0 APW19981027.0177 2
408 0 APW19981027.0304 1
408 0 APW19981028.1120 1
408 0 APW19981029.0234 1
408 0 APW19981029.1047 1
408 0 APW19981029.1381 1
408 0 APW19981029.1488 0
408 0 APW19981031.0653 0
408 0 APW19981103.1267 2
408 0 APW19981103.1412 2
408 0 APW19981103.1456 1
408 0 APW19981105.0220 1
408 0 APW19981105.0484 2
408 0 APW19981109.0309 0
408 0 APW19981116.0022 2
408 0 APW19981122.0376 0
408 0 APW19981126.0141 1
408 0 APW19981127.1344 0
408 0 APW19981209.0343 0
408 0 APW19981211.0335 0
408 0 APW19981217.1511 0
408 0 APW19981219.0464 0
408 0 APW19990218.0048 2
408 0 APW19990219.0247 2
408 0 APW19990401.0256 2
408 0 APW19990402.0247 1
408 0 APW19990506.0260 0
408 0 APW19990519.0068 0
408 0 APW19990519.0070 0
408 0 APW19990519.0141 0
408 0 APW19990522.0010 1
408 0 APW19990603.0066 0
408 0 APW19990612.0125 0
408 0 APW19990613.0027 0
408 0 APW19990614.0104 0
408 0 APW19990614.0157 0
408 0 APW19990614.0256 0
408 0 APW19990615.0154 0
408 0 APW19990615.0155 0
408 0 APW19990615.0231 0
408 0 APW19990616.0040 0
408 0 APW19990617.0225 0
408 0 APW19990707.0073 0
408 0 APW19990723.0190 0
408 0 APW19990728.0313 0
408 0 APW19990806.0055 0
408 0 APW19990810.0014 0
408 0 APW19990810.0132 0
408 0 APW19990810.0214 0
408 0 APW19990811.0169 0
408 0 APW19990819.0118 0
408 0 APW19990822.0027 0
408 0 APW19990822.0028 0
408 0 APW19990822.0061 2
408 0 APW19990822.0062 2
408 0 APW19990823.0048 0
408 0 APW19990823.0129 0
408 0 APW19990823.0175 0
408 0 APW19990823.0177 0
408 0 APW19990824.0009 0
408 0 APW19990824.0154 0
408 0 APW19990825.0012 0
408 0 APW19990825.0137 0
408 0 APW19990825.0184 0
408 0 APW19990825.0212 0
408 0 APW19990826.0160 0
408 0 APW19990826.0274 0
408 0 APW19990826.0293 0
408 0 APW19990826.0294 0
408 0 APW19990827.0095 0
408 0 APW19990830.0024 0
408 0 APW19990831.0085 0
408 0 APW19990901.0256 0
408 0 APW19990901.0257 0
408 0 APW19990904.0065 0
408 0 APW19990904.0168 0
408 0 APW19990904.0169 0
408 0 APW19990908.0164 0
408 0 APW19990909.0307 0
408 0 APW19990910.0065 0
408 0 APW19990910.0182 0
408 0 APW19990910.0235 0
408 0 APW19990910.0246 0
408 0 APW19990911.0145 0
408 0 APW19990912.0061 0
408 0 APW19990912.0129 0
408 0 APW19990913.0057 0
408 0 APW19990914.0039 2
408 0 APW19990914.0042 2
408 0 APW19990914.0176 0
408 0 APW19990914.0179 0
408 0 APW19990914.0190 2
408 0 APW19990914.0191 2
408 0 APW19990915.0141 2
408 0 APW19990916.0053 2
408 0 APW19990916.0156 2
408 0 APW19990916.0161 2
408 0 APW19990920.0071 2
408 0 APW19990921.0042 0
408 0 APW19990921.0077 0
408 0 APW19990921.0086 0
408 0 APW19990923.0078 0
408 0 APW19990923.0337 0
408 0 APW19990924.0040 2
408 0 APW19991006.0319 0
408 0 APW19991015.0322 0
408 0 APW19991017.0040 0
408 0 APW19991017.0047 0
408 0 APW19991018.0036 0
408 0 APW19991019.0091 0
408 0 APW19991019.0284 0
408 0 APW19991019.0302 0
408 0 APW19991022.0040 0
408 0 APW19991029.0141 2
408 0 APW20000119.0298 0
408 0 APW20000402.0054 0
408 0 APW20000509.0177 0
408 0 APW20000510.0040 0
408 0 APW20000510.0148 0
408 0 APW20000510.0252 0
408 0 APW20000519.0231 1
408 0 APW20000522.0084 1
408 0 APW20000529.0082 2
408 0 APW20000609.0040 0
408 0 APW20000613.0058 0
408 0 APW20000707.0188 2
408 0 APW20000707.0227 2
408 0 APW20000708.0121 2
408 0 APW20000714.0135 0
408 0 APW20000721.0058 0
408 0 APW20000728.0058 0
408 0 APW20000801.0009 0
408 0 APW20000804.0049 0
408 0 APW20000809.0007 0
408 0 APW20000809.0203 0
408 0 APW20000809.0209 0
408 0 APW20000811.0004 0
408 0 APW20000811.0041 0
408 0 APW20000814.0013 0
408 0 APW20000814.0197 0
408 0 APW20000815.0073 0
408 0 APW20000816.0003 0
408 0 APW20000817.0102 0
408 0 APW20000818.0070 0
408 0 APW20000819.0004 0
408 0 APW20000820.0144 0
408 0 APW20000821.0174 0
408 0 APW20000822.0027 0
408 0 APW20000822.0041 0
408 0 APW20000822.0049 0
408 0 APW20000822.0227 0
408 0 APW20000823.0078 0
408 0 APW20000824.0024 0
408 0 APW20000824.0027 0
408 0 APW20000824.0031 0
408 0 APW20000824.0195 0
408 0 APW20000825.0203 0
408 0 APW20000829.0207 0
408 0 APW20000901.0054 0
408 0 APW20000902.0100 0
408 0 APW20000902.0104 0
408 0 APW20000902.0127 0
408 0 APW20000903.0065 0
408 0 APW20000903.0066 0
408 0 APW20000912.0028 0
408 0 APW20000912.0040 0
408 0 APW20000913.0287 0
408 0 APW20000914.0003 0
408 0 APW20000914.0213 0
408 0 APW20000915.0011 0
408 0 APW20000915.0188 0
408 0 APW20000916.0088 0
408 0 APW20000916.0103 0
408 0 APW20000916.0165 0
408 0 APW20000917.0123 0
408 0 APW20000918.0042 0
408 0 APW20000922.0053 0
408 0 APW20000922.0129 0
408 0 APW20000922.0235 0
408 0 APW20000925.0193 0
408 0 APW20000925.0211 0
408 0 APW20000926.0002 0
408 0 APW20000926.0194 0
408 0 APW20000929.0186 0
408 0 APW20000929.0222 0
408 0 APW20000929.0225 0
408 0 APW20000930.0007 0
408 0 APW20000930.0036 0
408 0 APW20000930.0198 0
408 0 NYT19980601.0290 0
408 0 NYT19980601.0292 2
408 0 NYT19980607.0099 0
408 0 NYT19980607.0101 0
408 0 NYT19980611.0235 0
408 0 NYT19980625.0567 0
408 0 NYT19980701.0585 0
408 0 NYT19980720.0195 0
408 0 NYT19980720.0217 0
408 0 NYT19980724.0206 0
408 0 NYT19980726.0082 0
408 0 NYT19980729.0341 0
408 0 NYT19980730.0147 0
408 0 NYT19980730.0411 0
408 0 NYT19980804.0316 1
408 0 NYT19980818.0243 0
408 0 NYT19980821.0275 0
408 0 NYT19980822.0101 0
408 0 NYT19980825.0151 0
408 0 NYT19980826.0483 2
408 0 NYT19980826.0569 2
408 0 NYT19980827.0051 2
408 0 NYT19980827.0328 0
408 0 NYT19980827.0452 0
408 0 NYT19980827.0461 0
408 0 NYT19980827.0467 1
408 0 NYT19980828.0026 0
408 0 NYT19980828.0232 0
408 0 NYT19980831.0101 0
408 0 NYT19980831.0230 0
408 0 NYT19980901.0199 0
408 0 NYT19980902.0326 0
408 0 NYT19980903.0417 2
408 0 NYT19980907.0132 0
408 0 NYT19980908.0085 1
408 0 NYT19980908.0086 2
408 0 NYT19980910.0257 0
408 0 NYT19980910.0331 0
408 0 NYT19980910.0398 2
408 0 NYT19980911.0226 0
408 0 NYT19980911.0467 2
408 0 NYT19980914.0233 0
408 0 NYT19980914.0275 0
408 0 NYT19980916.0326 2
408 0 NYT19980917.0428 0
408 0 NYT19980918.0334 0
408 0 NYT19980918.0371 0
408 0 NYT19980918.0463 0
408 0 NYT19980919.0103 0
408 0 NYT19980921.0288 2
408 0 NYT19980922.0214 2
408 0 NYT19980922.0351 2
408 0 NYT19980923.0284 0
408 0 NYT19980924.0022 2
408 0 NYT19980924.0072 0
408 0 NYT19980924.0297 0
408 0 NYT19980926.0185 2
408 0 NYT19980927.0193 2
408 0 NYT19980927.0216 2
408 0 NYT19980928.0411 0
408 0 NYT19980929.0351 2
408 0 NYT19980930.0025 0
408 0 NYT19981009.0279 0
408 0 NYT19981018.0143 1
408 0 NYT19981019.0255 0
408 0 NYT19981021.0399 0
408 0 NYT19981023.0231 0
408 0 NYT19981024.0109 0
408 0 NYT19981024.0238 0
408 0 NYT19981027.0384 0
408 0 NYT19981028.0274 0
408 0 NYT19981029.0267 0
408 0 NYT19981104.0333 0
408 0 NYT19981108.0095 1
408 0 NYT19981108.0132 1
408 0 NYT19981110.0215 1
408 0 NYT19981124.0239 0
408 0 NYT19981129.0059 0
408 0 NYT19981203.0066 0
408 0 NYT19981203.0067 0
408 0 NYT19981204.0183 0
408 0 NYT19981211.0308 0
408 0 NYT19981214.0260 0
408 0 NYT19981216.0400 0
408 0 NYT19981216.0491 0
408 0 NYT19981216.0522 0
408 0 NYT19981217.0406 0
408 0 NYT19981229.0327 1
408 0 NYT19981229.0328 1
408 0 NYT19981230.0111 2
408 0 NYT19981230.0165 2
408 0 NYT19981230.0166 1
408 0 NYT19981231.0071 0
408 0 NYT19981231.0216 0
408 0 NYT19990126.0367 0
408 0 NYT19990126.0420 0
408 0 NYT19990203.0373 0
408 0 NYT19990217.0334 0
408 0 NYT19990219.0159 0
408 0 NYT19990219.0160 0
408 0 NYT19990223.0126 0
408 0 NYT19990223.0127 0
408 0 NYT19990224.0159 0
408 0 NYT19990309.0170 0
408 0 NYT19990402.0384 2
408 0 NYT19990408.0413 2
408 0 NYT19990409.0258 0
408 0 NYT19990505.0383 0
408 0 NYT19990529.0092 0
408 0 NYT19990603.0290 0
408 0 NYT19990611.0203 0
408 0 NYT19990615.0170 0
408 0 NYT19990619.0145 0
408 0 NYT19990627.0064 0
408 0 NYT19990708.0287 0
408 0 NYT19990709.0186 0
408 0 NYT19990712.0237 0
408 0 NYT19990731.0165 0
408 0 NYT19990802.0233 0
408 0 NYT19990811.0227 0
408 0 NYT19990820.0206 0
408 0 NYT19990822.0214 0
408 0 NYT19990822.0237 2
408 0 NYT19990823.0058 0
408 0 NYT19990823.0061 0
408 0 NYT19990823.0239 0
408 0 NYT19990823.0399 0
408 0 NYT19990823.0423 0
408 0 NYT19990824.0136 0
408 0 NYT19990824.0143 0
408 0 NYT19990824.0144 0
408 0 NYT19990824.0220 0
408 0 NYT19990824.0328 0
408 0 NYT19990825.0182 0
408 0 NYT19990825.0208 0
408 0 NYT19990825.0354 0
408 0 NYT19990826.0405 0
408 0 NYT19990827.0293 0
408 0 NYT19990827.0395 0
408 0 NYT19990829.0077 0
408 0 NYT19990829.0078 0
408 0 NYT19990829.0215 0
408 0 NYT19990830.0481 0
408 0 NYT19990831.0214 0
408 0 NYT19990902.0186 0
408 0 NYT19990905.0084 0
408 0 NYT19990906.0174 0
408 0 NYT19990909.0271 0
408 0 NYT19990910.0369 0
408 0 NYT19990914.0243 0
408 0 NYT19990914.0265 0
408 0 NYT19990915.0289 0
408 0 NYT19990915.0390 1
408 0 NYT19990916.0370 0
408 0 NYT19990916.0449 0
408 0 NYT19990916.0458 1
408 0 NYT19990916.0468 2
408 0 NYT19990917.0011 1
408 0 NYT19990921.0318 1
408 0 NYT19990921.0373 0
408 0 NYT19990922.0079 1
408 0 NYT19990922.0081 0
408 0 NYT19990929.0517 1
408 0 NYT19991016.0121 0
408 0 NYT19991018.0245 0
408 0 NYT19991018.0338 0
408 0 NYT19991019.0418 0
408 0 NYT19991029.0163 0
408 0 NYT19991116.0183 0
408 0 NYT19991117.0439 2
408 0 NYT19991119.0242 1
408 0 NYT19991128.0099 1
408 0 NYT19991129.0288 0
408 0 NYT19991130.0115 1
408 0 NYT19991209.0065 0
408 0 NYT20000110.0371 0
408 0 NYT20000117.0173 0
408 0 NYT20000117.0210 0
408 0 NYT20000119.0296 0
408 0 NYT20000201.0093 0
408 0 NYT20000207.0300 0
408 0 NYT20000207.0362 0
408 0 NYT20000305.0026 0
408 0 NYT20000305.0029 0
408 0 NYT20000305.0030 0
408 0 NYT20000305.0196 0
408 0 NYT20000305.0200 0
408 0 NYT20000306.0325 0
408 0 NYT20000306.0336 0
408 0 NYT20000307.0051 0
408 0 NYT20000307.0287 0
408 0 NYT20000307.0289 0
408 0 NYT20000309.0397 0
408 0 NYT20000316.0411 0
408 0 NYT20000401.0065 0
408 0 NYT20000401.0072 0
408 0 NYT20000405.0019 0
408 0 NYT20000415.0089 0
408 0 NYT20000503.0228 0
408 0 NYT20000510.0240 0
408 0 NYT20000510.0276 0
408 0 NYT20000510.0309 0
408 0 NYT20000515.0099 0
408 0 NYT20000515.0222 0
408 0 NYT20000528.0087 0
408 0 NYT20000528.0100 0
408 0 NYT20000601.0255 0
408 0 NYT20000608.0181 0
408 0 NYT20000610.0105 0
408 0 NYT20000611.0056 0
408 0 NYT20000612.0244 0
408 0 NYT20000627.0089 0
408 0 NYT20000629.0458 0
408 0 NYT20000701.0156 0
408 0 NYT20000705.0190 0
408 0 NYT20000715.0169 0
408 0 NYT20000715.0170 0
408 0 NYT20000720.0260 0
408 0 NYT20000724.0295 0
408 0 NYT20000724.0314 0
408 0 NYT20000726.0194 0
408 0 NYT20000729.0087 0
408 0 NYT20000731.0278 0
408 0 NYT20000805.0110 0
408 0 NYT20000808.0225 0
408 0 NYT20000809.0209 0
408 0 NYT20000815.0020 0
408 0 NYT20000815.0241 0
408 0 NYT20000821.0494 0
408 0 NYT20000822.0252 0
408 0 NYT20000822.0362 0
408 0 NYT20000823.0317 0
408 0 NYT20000823.0396 0
408 0 NYT20000828.0261 0
408 0 NYT20000906.0105 0
408 0 NYT20000908.0191 0
408 0 NYT20000908.0279 0
408 0 NYT20000912.0118 0
408 0 NYT20000912.0205 0
408 0 NYT20000913.0057 0
408 0 NYT20000913.0059 0
408 0 NYT20000925.0218 0
408 0 NYT20000925.0236 0
408 0 NYT20000927.0236 0
408 0 XIE19960103.0087 0
408 0 XIE19960223.0215 0
408 0 XIE19960423.0219 0
408 0 XIE19960613.0215 0
408 0 XIE19960618.0248 0
408 0 XIE19960622.0230 0
408 0 XIE19960627.0059 0
408 0 XIE19960725.0025 1
408 0 XIE19960726.0042 1
408 0 XIE19960726.0203 1
408 0 XIE19960727.0109 0
408 0 XIE19960728.0162 1
408 0 XIE19960730.0025 1
408 0 XIE19960801.0263 0
408 0 XIE19960805.0017 0
408 0 XIE19960809.0247 0
408 0 XIE19960814.0098 0
408 0 XIE19960816.0180 0
408 0 XIE19960821.0257 0
408 0 XIE19960829.0160 1
408 0 XIE19960907.0032 2
408 0 XIE19960921.0068 2
408 0 XIE19960926.0183 1
408 0 XIE19961016.0203 0
408 0 XIE19961020.0006 0
408 0 XIE19961026.0097 0
408 0 XIE19961105.0269 0
408 0 XIE19961113.0176 0
408 0 XIE19961122.0214 2
408 0 XIE19961225.0098 1
408 0 XIE19961231.0195 2
408 0 XIE19970313.0070 0
408 0 XIE19970317.0069 0
408 0 XIE19970422.0256 2
408 0 XIE19970605.0265 0
408 0 XIE19970606.0244 0
408 0 XIE19970813.0201 2
408 0 XIE19970821.0178 0
408 0 XIE19970823.0172 1
408 0 XIE19970906.0226 0
408 0 XIE19970919.0048 0
408 0 XIE19971007.0159 0
408 0 XIE19971103.0180 2
408 0 XIE19971105.0123 2
408 0 XIE19971105.0235 1
408 0 XIE19971107.0256 2
408 0 XIE19971108.0128 2
408 0 XIE19971124.0199 0
408 0 XIE19971211.0130 0
408 0 XIE19971228.0134 0
408 0 XIE19971231.0090 0
408 0 XIE19980115.0264 0
408 0 XIE19980116.0275 0
408 0 XIE19980123.0119 0
408 0 XIE19980123.0122 0
408 0 XIE19980223.0077 0
408 0 XIE19980313.0253 2
408 0 XIE19980313.0264 2
408 0 XIE19980330.0179 0
408 0 XIE19980401.0234 0
408 0 XIE19980426.0076 1
408 0 XIE19980514.0108 0
408 0 XIE19980520.0156 0
408 0 XIE19980521.0271 1
408 0 XIE19980526.0242 0
408 0 XIE19980526.0340 0
408 0 XIE19980612.0307 0
408 0 XIE19980708.0261 0
408 0 XIE19980801.0083 0
408 0 XIE19980804.0122 0
408 0 XIE19980805.0203 0
408 0 XIE19980806.0182 0
408 0 XIE19980809.0047 0
408 0 XIE19980810.0180 0
408 0 XIE19980811.0229 2
408 0 XIE19980825.0048 0
408 0 XIE19980826.0061 0
408 0 XIE19980828.0300 0
408 0 XIE19980829.0147 2
408 0 XIE19980901.0100 0
408 0 XIE19980904.0063 2
408 0 XIE19980911.0041 0
408 0 XIE19980919.0178 0
408 0 XIE19980923.0152 0
408 0 XIE19980926.0008 2
408 0 XIE19981011.0090 0
408 0 XIE19981020.0267 0
408 0 XIE19981030.0112 0
408 0 XIE19981030.0292 1
408 0 XIE19981106.0380 1
408 0 XIE19981118.0176 2
408 0 XIE19981123.0250 2
408 0 XIE19981125.0333 1
408 0 XIE19981130.0141 2
408 0 XIE19981207.0060 2
408 0 XIE19981209.0269 2
408 0 XIE19981214.0197 0
408 0 XIE19990310.0194 0
408 0 XIE19990430.0241 0
408 0 XIE19990430.0309 0
408 0 XIE19990502.0079 0
408 0 XIE19990601.0063 0
408 0 XIE19990601.0073 0
408 0 XIE19990607.0051 0
408 0 XIE19990617.0085 0
408 0 XIE19990618.0167 0
408 0 XIE19990629.0138 0
408 0 XIE19990802.0183 0
408 0 XIE19990803.0122 0
408 0 XIE19990822.0144 1
408 0 XIE19990823.0227 0
408 0 XIE19990826.0376 0
408 0 XIE19990901.0050 0
408 0 XIE19990909.0040 0
408 0 XIE19990909.0291 0
408 0 XIE19990914.0072 0
408 0 XIE19990916.0068 2
408 0 XIE19990916.0120 2
408 0 XIE19990916.0152 0
408 0 XIE19990917.0288 2
408 0 XIE19990917.0333 2
408 0 XIE19990922.0314 0
408 0 XIE19991026.0181 0
408 0 XIE19991105.0139 0
408 0 XIE19991128.0159 0
408 0 XIE19991225.0060 0
408 0 XIE20000212.0029 0
408 0 XIE20000221.0009 2
408 0 XIE20000221.0013 0
408 0 XIE20000222.0020 2
408 0 XIE20000224.0238 2
408 0 XIE20000307.0043 2
408 0 XIE20000503.0236 0
408 0 XIE20000519.0111 0
408 0 XIE20000617.0181 0
408 0 XIE20000706.0126 1
408 0 XIE20000709.0008 0
408 0 XIE20000710.0166 2
408 0 XIE20000808.0019 2
408 0 XIE20000816.0036 0
408 0 XIE20000824.0127 2
408 0 XIE20000828.0228 1
408 0 XIE20000829.0081 0
408 0 XIE20000904.0085 2
408 0 XIE20000905.0144 2
408 0 XIE20000905.0152 2
408 0 XIE20000907.0104 0
408 0 XIE20000908.0062 0
408 0 XIE20000909.0080 1
408 0 XIE20000911.0180 1
408 0 XIE20000911.0264 2
408 0 XIE20000914.0154 0
408 0 XIE20000923.0347 0